x,y
0.0,0.0
1.0,0.008360612172125702
2.0,0.01231320186312116
3.0,0.01663300905618945
4.0,0.02124609375244087
5.0,0.0260992020846842
6.0,0.03115239644817961
7.0,0.03637477025192257
8.0,0.04174178586751192
9.0,0.04723353943832449
10.0,0.05283358700295723
11.0,0.05852812612501454
12.0,0.06430541083499894
13.0,0.07015532422980694
14.0,0.07606906026532288
15.0,0.08203888279952186
16.0,0.08805794031608548
17.0,0.09412012145314509
18.0,0.1002199408867763
19.0,0.1063524481053028
20.0,0.1125131536635325
21.0,0.1186979689409355
22.0,0.124903156445676
23.0,0.1311252884383579
24.0,0.1373612121822576
25.0,0.1436080205192935
26.0,0.1498630267631137
27.0,0.156123743120304
28.0,0.1623878620173537
29.0,0.1686532398385654
30.0,0.1749178826785342
31.0,0.1811799337893786
32.0,0.1874376624629055
33.0,0.1936894541352276
34.0,0.1999338015389662
35.0,0.2061692967582438
36.0,0.2123946240658688
37.0,0.2186085534416966
38.0,0.2248099346870925
39.0,0.2309976920634693
40.0,0.2371708193936095
41.0,0.2433283755733614
42.0,0.2494694804486811
43.0,0.2555933110191605
44.0,0.2616990979343489
45.0,0.2677861222535499
46.0,0.273853712443455
47.0,0.2799012415911294
48.0,0.2859281248125362
49.0,0.2919338168390921
50.0,0.2979178097667237
51.0,0.3038796309536032
52.0,0.3098188410542249
53.0,0.3157350321787745
54.0,0.3216278261678676
55.0,0.3274968729737239
56.0,0.3333418491397095
57.0,0.3391624563709419
58.0,0.3449584201893326
59.0,0.3507294886670415
60.0,0.356475431232846
61.0,0.3621960375464132
62.0,0.3678911164358755
63.0,0.3735604948945058
64.0,0.3792040171326218
65.0,0.3848215436811578
66.0,0.3904129505436289
67.0,0.3959781283934539
68.0,0.4015169818138412
69.0,0.4070294285776433
70.0,0.4125153989647789
71.0,0.4179748351149901
72.0,0.4234076904138629
73.0,0.4288139289101828
74.0,0.4341935247628242
75.0,0.4395464617155049
76.0,0.4448727325978346
77.0,0.4501723388511994
78.0,0.4554452900781162
79.0,0.4606916036137721
80.0,0.4659113041185564
81.0,0.4711044231904551
82.0,0.4762709989962577
83.0,0.4814110759205821
84.0,0.4865247042317873
85.0,0.4916119397638986
86.0,0.4966728436137215
87.0,0.5017074818523674
88.0,0.5067159252504606
89.0,0.5116982490163353
90.0,0.5166545325465758
91.0,0.5215848591882825
92.0,0.526489316012486
93.0,0.5313679935981607
94.0,0.5362209858263196
95.0,0.5410483896837044
96.0,0.5458503050756002
97.0,0.5506268346473426
98.0,0.5553780836141031
99.0,0.5601041595985472
100.0,0.5648051724760109
101.0,0.5694812342268236
102.0,0.5741324587954583
103.0,0.5787589619561738
104.0,0.5833608611848635
105.0,0.5879382755368117
106.0,0.5924913255300925
107.0,0.5970201330343459
108.0,0.6015248211646913
109.0,0.6060055141805408
110.0,0.6104623373890911
111.0,0.6148954170532798
112.0,0.6193048803040101
113.0,0.6236908550564475
114.0,0.6280534699302058
115.0,0.6323928541732539
116.0,0.6367091375893706
117.0,0.641002450468997
118.0,0.6452729235233287
119.0,0.6495206878215121
120.0,0.653745874730801
121.0,0.6579486158595508
122.0,0.6621290430029165
123.0,0.6662872880911481
124.0,0.6704234831403576
125.0,0.6745377602056586
126.0,0.6786302513365723
127.0,0.682701088534601
128.0,0.686750403712877
129.0,0.6907783286577927
130.0,0.6947849949925347
131.0,0.6987705341424288
132.0,0.7027350773020286
133.0,0.7066787554038632
134.0,0.7106016990887802
135.0,0.714504038677812
136.0,0.7183859041454979
137.0,0.7222474250946047
138.0,0.7260887307321826
139.0,0.7299099498468979
140.0,0.7337112107875932
141.0,0.7374926414430142
142.0,0.7412543692226624
143.0,0.7449965210387198
144.0,0.7487192232889994
145.0,0.7524226018408806
146.0,0.7561067820161864
147.0,0.7597718885769607
148.0,0.7634180457121063
149.0,0.7670453770248534
150.0,0.7706540055210127
151.0,0.7742440535979864
152.0,0.7778156430345038
153.0,0.7813688949810482
154.0,0.7849039299509465
155.0,0.7884208678120915
156.0,0.791919827779273
157.0,0.7954009284070863
158.0,0.7988642875833987
159.0,0.8023100225233437
160.0,0.805738249763825
161.0,0.8091490851585041
162.0,0.8125426438732563
163.0,0.8159190403820609
164.0,0.819278388463329
165.0,0.8226208011966252
166.0,0.8259463909597818
167.0,0.8292552694263823
168.0,0.8325475475635989
169.0,0.835823335630366
170.0,0.8390827431758797
171.0,0.8423258790383983
172.0,0.8455528513443454
173.0,0.8487637675076855
174.0,0.8519587342295717
175.0,0.8551378574982468
176.0,0.8583012425891863
177.0,0.8614489940654766
178.0,0.8645812157784099
179.0,0.8676980108682923
180.0,0.8707994817654504
181.0,0.8738857301914301
182.0,0.876956857160375
183.0,0.8800129629805771
184.0,0.8830541472561939
185.0,0.8860805088891179
186.0,0.8890921460809964
187.0,0.8920891563353894
188.0,0.8950716364600626
189.0,0.8980396825694053
190.0,0.9009933900869679
191.0,0.9039328537481113
192.0,0.9068581676027673
193.0,0.9097694250182937
194.0,0.9126667186824302
195.0,0.9155501406063429
196.0,0.91841978212775
197.0,0.9212757339141343
198.0,0.9241180859660225
199.0,0.9269469276203431
200.0,0.9297623475538433
201.0,0.9325644337865732
202.0,0.9353532736854243
203.0,0.9381289539677231
204.0,0.9408915607048757
205.0,0.943641179326059
206.0,0.946377894621952
207.0,0.949101790748514
208.0,0.9518129512307919
209.0,0.9545114589667657
210.0,0.9571973962312268
211.0,0.9598708446796786
212.0,0.9625318853522686
213.0,0.9651805986777403
214.0,0.9678170644774071
215.0,0.9704413619691454
216.0,0.973053569771401
217.0,0.9756537659072123
218.0,0.9782420278082449
219.0,0.9808184323188363
220.0,0.9833830557000487
221.0,0.985935973633727
222.0,0.9884772612265649
223.0,0.9910069930141708
224.0,0.9935252429651383
225.0,0.9960320844851139
226.0,0.9985275904208667
227.0,1.001011833064352
228.0,1.003484884156775
229.0,1.005946814892645
230.0,1.008397695923829
231.0,1.010837597363592
232.0,1.013266588790632
233.0,1.01568473925311
234.0,1.018092117272657
235.0,1.020488790848383
236.0,1.022874827460871
237.0,1.025250294076148
238.0,1.027615257149658
239.0,1.029969782630208
240.0,1.032313935963907
241.0,1.034647782098082
242.0,1.036971385485183
243.0,1.03928481008667
244.0,1.041588119376881
245.0,1.043881376346885
246.0,1.046164643508309
247.0,1.048437982897154
248.0,1.05070145607759
249.0,1.052955124145728
250.0,1.055199047733371
251.0,1.05743328701175
252.0,1.059657901695235
253.0,1.061872951045021
254.0,1.064078493872803
255.0,1.066274588544418
256.0,1.06846129298347
257.0,1.070638664674935
258.0,1.072806760668734
259.0,1.074965637583297
260.0,1.077115351609093
261.0,1.079255958512138
262.0,1.081387513637485
263.0,1.083510071912689
264.0,1.085623687851244
265.0,1.087728415555997
266.0,1.089824308722548
267.0,1.091911420642612
268.0,1.093989804207364
269.0,1.096059511910764
270.0,1.098120595852849
271.0,1.100173107743007
272.0,1.102217098903227
273.0,1.10425262027132
274.0,1.106279722404122
275.0,1.108298455480668
276.0,1.110308869305342
277.0,1.112311013311011
278.0,1.114304936562119
279.0,1.116290687757778
280.0,1.118268315234811
281.0,1.120237866970793
282.0,1.122199390587054
283.0,1.124152933351662
284.0,1.126098542182387
285.0,1.128036263649631
286.0,1.129966143979347
287.0,1.131888229055922
288.0,1.133802564425045
289.0,1.135709195296548
290.0,1.137608166547227
291.0,1.139499522723632
292.0,1.141383308044845
293.0,1.143259566405227
294.0,1.145128341377139
295.0,1.146989676213654
296.0,1.148843613851234
297.0,1.150690196912386
298.0,1.152529467708299
299.0,1.154361468241462
300.0,1.156186240208245
301.0,1.158003825001478
302.0,1.159814263712992
303.0,1.161617597136148
304.0,1.163413865768338
305.0,1.165203109813468
306.0,1.166985369184417
307.0,1.168760683505479
308.0,1.17052909211478
309.0,1.172290634066674
310.0,1.17404534813412
311.0,1.175793272811038
312.0,1.177534446314644
313.0,1.179268906587763
314.0,1.180996691301125
315.0,1.182717837855638
316.0,1.184432383384642
317.0,1.186140364756144
318.0,1.18784181857503
319.0,1.189536781185264
320.0,1.191225288672061
321.0,1.192907376864042
322.0,1.194583081335373
323.0,1.196252437407883
324.0,1.197915480153161
325.0,1.199572244394641
326.0,1.201222764709659
327.0,1.202867075431501
328.0,1.204505210651423
329.0,1.206137204220666
330.0,1.207763089752436
331.0,1.209382900623885
332.0,1.210996669978057
333.0,1.21260443072583
334.0,1.214206215547832
335.0,1.215802056896343
336.0,1.21739198699718
337.0,1.218976037851566
338.0,1.220554241237978
339.0,1.222126628713989
340.0,1.223693231618071
341.0,1.225254081071413
342.0,1.226809207979697
343.0,1.228358643034867
344.0,1.229902416716887
345.0,1.231440559295475
346.0,1.232973100831824
347.0,1.234500071180312
348.0,1.23602149999019
349.0,1.237537416707257
350.0,1.239047850575523
351.0,1.240552830638854
352.0,1.2420523857426
353.0,1.243546544535215
354.0,1.245035335469855
355.0,1.246518786805966
356.0,1.247996926610859
357.0,1.249469782761264
358.0,1.250937382944877
359.0,1.252399754661891
360.0,1.25385692522651
361.0,1.255308921768457
362.0,1.256755771234455
363.0,1.258197500389713
364.0,1.259634135819379
365.0,1.261065703929998
366.0,1.262492230950941
367.0,1.263913742935835
368.0,1.265330265763968
369.0,1.26674182514169
370.0,1.268148446603799
371.0,1.26955015551491
372.0,1.270946977070821
373.0,1.272338936299857
374.0,1.273726058064207
375.0,1.27510836706125
376.0,1.276485887824864
377.0,1.277858644726732
378.0,1.279226661977623
379.0,1.280589963628675
380.0,1.28194857357266
381.0,1.283302515545236
382.0,1.284651813126195
383.0,1.285996489740687
384.0,1.287336568660449
385.0,1.288672073005012
386.0,1.290003025742897
387.0,1.291329449692811
388.0,1.292651367524817
389.0,1.293968801761507
390.0,1.295281774779156
391.0,1.296590308808869
392.0,1.297894425937722
393.0,1.299194148109877
394.0,1.300489497127713
395.0,1.301780494652922
396.0,1.303067162207606
397.0,1.30434952117537
398.0,1.305627592802394
399.0,1.306901398198503
400.0,1.30817095833822
401.0,1.309436294061824
402.0,1.310697426076382
403.0,1.31195437495678
404.0,1.313207161146747
405.0,1.314455804959866
406.0,1.315700326580575
407.0,1.316940746065164
408.0,1.318177083342758
409.0,1.319409358216299
410.0,1.320637590363506
411.0,1.321861799337842
412.0,1.323082004569462
413.0,1.324298225366156
414.0,1.325510480914283
415.0,1.326718790279701
416.0,1.327923172408681
417.0,1.329123646128819
418.0,1.330320230149937
419.0,1.331512943064983
420.0,1.332701803350907
421.0,1.333886829369553
422.0,1.335068039368517
423.0,1.33624545148202
424.0,1.337419083731761
425.0,1.338588954027764
426.0,1.339755080169223
427.0,1.34091747984533
428.0,1.342076170636109
429.0,1.343231170013228
430.0,1.344382495340821
431.0,1.34553016387628
432.0,1.346674192771068
433.0,1.347814599071498
434.0,1.348951399719527
435.0,1.350084611553528
436.0,1.351214251309063
437.0,1.352340335619648
438.0,1.353462881017514
439.0,1.354581903934349
440.0,1.355697420702055
441.0,1.356809447553476
442.0,1.357918000623139
443.0,1.359023095947973
444.0,1.360124749468034
445.0,1.361222977027215
446.0,1.362317794373956
447.0,1.363409217161945
448.0,1.36449726095081
449.0,1.365581941206816
450.0,1.36666327330354
451.0,1.367741272522556
452.0,1.368815954054105
453.0,1.369887332997756
454.0,1.370955424363079
455.0,1.372020243070286
456.0,1.373081803950892
457.0,1.374140121748353
458.0,1.375195211118705
459.0,1.376247086631202
460.0,1.377295762768939
461.0,1.378341253929474
462.0,1.379383574425453
463.0,1.380422738485213
464.0,1.381458760253395
465.0,1.382491653791545
466.0,1.383521433078709
467.0,1.384548112012026
468.0,1.385571704407318
469.0,1.386592223999669
470.0,1.387609684444
471.0,1.388624099315647
472.0,1.389635482110927
473.0,1.390643846247697
474.0,1.39164920506592
475.0,1.392651571828208
476.0,1.393650959720384
477.0,1.394647381852014
478.0,1.395640851256956
479.0,1.396631380893891
480.0,1.397618983646858
481.0,1.398603672325774
482.0,1.399585459666964
483.0,1.400564358333675
484.0,1.401540380916589
485.0,1.402513539934337
486.0,1.403483847834
487.0,1.404451316991612
488.0,1.405415959712656
489.0,1.406377788232562
490.0,1.407336814717189
491.0,1.408293051263315
492.0,1.409246509899114
493.0,1.410197202584641
494.0,1.411145141212295
495.0,1.412090337607296
496.0,1.413032803528149
497.0,1.413972550667101
498.0,1.41490959065061
499.0,1.415843935039786
500.0,1.416775595330853
