x,y
0.0,0.0
0.001,0.009230751665729824
0.003,0.1055582083527322
0.005,0.3277574234820969
0.007,0.6912967578748216
0.009000000000000001,1.207110293304361
0.011,1.883848800692437
0.013,2.728747951869138
0.015,3.7480681584713
0.017,4.947351587513859
0.019,6.331586642991097
0.021,7.905320156346034
0.02300000000000001,9.672737625249434
0.02500000000000001,11.6377227486738
0.02700000000000001,13.80390291707357
0.02900000000000001,16.17468481670266
0.03100000000000001,18.75328286090021
0.03300000000000002,21.5427422824959
0.03500000000000002,24.54595816544093
0.03700000000000002,27.76569132958081
0.03900000000000002,31.20458173681362
0.04100000000000002,34.86515991686419
0.04300000000000002,38.74985679058217
0.04500000000000003,42.86101218181508
0.04700000000000003,47.20088224509557
0.04900000000000003,51.77164598875118
0.05100000000000003,56.57541103698615
0.05300000000000003,61.61421874682804
0.05500000000000003,66.89004877437283
0.05700000000000004,72.4048231679289
0.05900000000000004,78.16041005232539
0.06100000000000004,84.15862695799424
0.06300000000000004,90.40124383983776
0.06500000000000004,96.88998582391903
0.06700000000000005,103.6265357142941
0.06900000000000005,110.6125362876031
0.07100000000000005,117.8495923991314
0.07300000000000005,125.3392729207993
0.07500000000000005,133.0831125288122
0.07700000000000005,141.0826133563942
0.07900000000000006,149.3392465250894
0.08100000000000006,157.854453566446
0.08300000000000006,166.6296477444884
0.08500000000000006,175.6662152881566
0.08700000000000006,184.9655165418519
0.08900000000000007,194.5288870413121
0.09100000000000007,204.3576385212561
0.09300000000000007,214.45305986055
0.09500000000000007,224.8164179700471
0.09700000000000007,235.4489586277275
0.09900000000000007,246.3519072653033
0.1010000000000001,257.5264697100436
0.1030000000000001,268.9738328852163
0.1050000000000001,280.695165472227
0.1070000000000001,292.6916185372418
0.1090000000000001,304.9643261248415
0.1110000000000001,317.5144058210147
0.1130000000000001,330.3429592876125
0.1150000000000001,343.4510727701861
0.1170000000000001,356.839817580989
0.1190000000000001,370.5102505587532
0.1210000000000001,384.4634145067474
0.1230000000000001,398.7003386104747
0.1250000000000001,413.2220388362849
0.1270000000000001,428.0295183120623
0.1290000000000001,443.1237676910691
0.1310000000000001,458.5057654999451
0.1330000000000001,474.1764784717789
0.1350000000000001,490.1368618651193
0.1370000000000001,506.3878597697093
0.1390000000000001,522.9304053996967
0.1410000000000001,539.7654213749935
0.1430000000000001,556.8938199914396
0.1450000000000001,574.3165034803594
0.1470000000000001,592.0343642580721
0.1490000000000001,610.0482851658786
0.1510000000000001,628.3591397010102
0.1530000000000001,646.9677922389957
0.1550000000000001,665.8750982478789
0.1570000000000001,685.0819044946797
0.1590000000000001,704.5890492444826
0.1610000000000001,724.3973624525032
0.1630000000000001,744.5076659494642
0.1650000000000001,764.9207736205979
0.1670000000000001,785.6374915785603
0.1690000000000001,806.6586183305496
0.1710000000000001,827.9849449398756
0.1730000000000001,849.6172551822353
0.1750000000000001,871.5563256969251
0.1770000000000001,893.8029261332147
0.1790000000000001,916.3578192920822
0.1810000000000001,939.2217612635155
0.1830000000000001,962.3955015595636
0.1850000000000001,985.8797832433166
0.1870000000000001,1009.675343053975
0.1890000000000001,1033.782911528178
0.1910000000000001,1058.203213117737
0.1930000000000001,1082.936966303911
0.1950000000000001,1107.984883708372
0.1970000000000001,1133.347672200984
0.1990000000000001,1159.026033004512
0.2010000000000002,1185.020661796393
0.2030000000000002,1211.33224880767
0.2050000000000002,1237.961478919192
0.2070000000000002,1264.909031755197
0.2090000000000002,1292.175581774357
0.2110000000000002,1319.761798358385
0.2130000000000002,1347.6683458983
0.2150000000000002,1375.895883878411
0.2170000000000002,1404.445066958129
0.2190000000000002,1433.316545051659
0.2210000000000002,1462.510963405668
0.2230000000000002,1492.028962674968
0.2250000000000002,1521.871178996318
0.2270000000000002,1552.038244060385
0.2290000000000002,1582.530785181923
0.2310000000000002,1613.349425368251
0.2330000000000002,1644.494783386066
0.2350000000000002,1675.967473826652
0.2370000000000002,1707.768107169534
0.2390000000000002,1739.897289844639
0.2410000000000002,1772.355624292993
0.2430000000000002,1805.143709026018
0.2450000000000002,1838.26213868345
0.2470000000000002,1871.711504089952
0.2490000000000002,1905.492392310439
0.2510000000000002,1939.605386704155
0.2530000000000002,1974.051066977549
0.2550000000000002,2008.830009235989
0.2570000000000002,2043.942786034329
0.2590000000000002,2079.389966426387
0.2610000000000002,2115.172116013356
0.2630000000000002,2151.289796991162
0.2650000000000002,2187.743568196837
0.2670000000000002,2224.533985153897
0.2690000000000002,2261.661600116785
0.2710000000000002,2299.126962114367
0.2730000000000002,2336.930616992562
0.2750000000000002,2375.07310745607
0.2770000000000002,2413.554973109276
0.2790000000000002,2452.376750496311
0.2810000000000002,2491.538973140319
0.2830000000000002,2531.042171581938
0.2850000000000002,2570.88687341703
0.2870000000000002,2611.073603333664
0.2890000000000002,2651.602883148379
0.2910000000000002,2692.47523184175
0.2930000000000002,2733.691165593258
0.2950000000000002,2775.251197815525
0.2970000000000002,2817.155839187865
0.2990000000000002,2859.405597689224
0.3010000000000002,2902.000978630503
0.3030000000000002,2944.942484686276
0.3050000000000002,2988.230615925928
0.3070000000000002,3031.86586984422
0.3090000000000002,3075.848741391291
0.3110000000000002,3120.179723002139
0.3130000000000002,3164.859304625544
0.3150000000000002,3209.887973752497
0.3170000000000002,3255.266215444117
0.3190000000000002,3300.994512359067
0.3210000000000002,3347.073344780515
0.3230000000000002,3393.503190642595
0.3250000000000002,3440.284525556431
0.3270000000000002,3487.417822835711
0.3290000000000002,3534.903553521815
0.3310000000000002,3582.74218640853
0.3330000000000002,3630.934188066334
0.3350000000000002,3679.480022866278
0.3370000000000002,3728.380153003485
0.3390000000000002,3777.635038520229
0.3410000000000002,3827.24513732866
0.3430000000000002,3877.210905233145
0.3450000000000003,3927.53279595225
0.3470000000000003,3978.211261140364
0.3490000000000003,4029.246750408969
0.3510000000000003,4080.639711347587
0.3530000000000003,4132.39058954437
0.3550000000000003,4184.499828606386
0.3570000000000003,4236.96787017958
0.3590000000000003,4289.795153968402
0.3610000000000003,4342.982117755169
0.3630000000000003,4396.529197419096
0.3650000000000003,4450.436826955033
0.3670000000000003,4504.705438491958
0.3690000000000003,4559.335462311121
0.3710000000000003,4614.327326863972
0.3730000000000003,4669.6814587898
0.3750000000000003,4725.398282933085
0.3770000000000003,4781.478222360633
0.3790000000000003,4837.921698378424
0.3810000000000003,4894.729130548225
0.3830000000000003,4951.900936703968
0.3850000000000003,5009.437532967864
0.3870000000000003,5067.339333766315
0.3890000000000003,5125.60675184557
0.3910000000000003,5184.240198287172
0.3930000000000003,5243.240082523183
0.3950000000000003,5302.606812351178
0.3970000000000003,5362.340793949053
0.3990000000000003,5422.442431889596
0.4010000000000003,5482.91212915488
0.4030000000000003,5543.750287150441
0.4050000000000003,5604.957305719264
0.4070000000000003,5666.533583155562
0.4090000000000003,5728.479516218402
0.4110000000000003,5790.795500145104
0.4130000000000003,5853.481928664489
0.4150000000000003,5916.539194009923
0.4170000000000003,5979.967686932205
0.4190000000000003,6043.76779671228
0.4210000000000003,6107.939911173768
0.4230000000000003,6172.484416695344
0.4250000000000003,6237.401698222949
0.4270000000000003,6302.692139281823
0.4290000000000003,6368.35612198843
0.4310000000000003,6434.394027062159
0.4330000000000003,6500.806233836939
0.4350000000000003,6567.593120272652
0.4370000000000003,6634.755062966438
0.4390000000000003,6702.292437163832
0.4410000000000003,6770.205616769775
0.4430000000000003,6838.494974359469
0.4450000000000003,6907.160881189113
0.4470000000000003,6976.203707206491
0.4490000000000003,7045.623821061434
0.4510000000000003,7115.421590116151
0.4530000000000003,7185.597380455436
0.4550000000000003,7256.151556896733
0.4570000000000004,7327.084483000111
0.4590000000000004,7398.396521078075
0.4610000000000004,7470.088032205287
0.4630000000000004,7542.159376228169
0.4650000000000004,7614.610911774368
0.4670000000000004,7687.442996262135
0.4690000000000004,7760.655985909569
0.4710000000000004,7834.250235743772
0.4730000000000004,7908.226099609871
0.4750000000000004,7982.583930179958
0.4770000000000004,8057.324078961911
0.4790000000000004,8132.446896308115
0.4810000000000004,8207.952731424075
0.4830000000000004,8283.84193237695
0.4850000000000004,8360.114846103965
0.4870000000000004,8436.77181842072
0.4890000000000004,8513.813194029464
0.4910000000000004,8591.239316527177
0.4930000000000004,8669.050528413642
0.4950000000000004,8747.247171099398
0.4970000000000004,8825.82958491359
0.4990000000000004,8904.79810911175
0.5010000000000003,8984.153081883476
0.5030000000000003,9063.894840360053
0.5050000000000003,9144.023720621944
0.5070000000000003,9224.540057706237
0.5090000000000003,9305.444185614006
0.5110000000000003,9386.736437317564
0.5130000000000003,9468.417144767673
0.5150000000000003,9550.486638900637
0.5170000000000003,9632.945249645365
0.5190000000000003,9715.793305930314
0.5210000000000004,9799.03113569038
0.5230000000000004,9882.659065873711
0.5250000000000004,9966.677422448449
0.5270000000000004,10051.08653040939
0.5290000000000004,10135.8867137846
0.5310000000000004,10221.07829564193
0.5330000000000004,10306.66159809546
0.5350000000000004,10392.63694231192
0.5370000000000004,10479.00464851702
0.5390000000000004,10565.76503600166
0.5410000000000004,10652.91842312819
0.5430000000000004,10740.46512733649
0.5450000000000004,10828.40546515006
0.5470000000000004,10916.73975218204
0.5490000000000004,11005.46830314113
0.5510000000000004,11094.59143183747
0.5530000000000004,11184.1094511885
0.5550000000000004,11274.02267322469
0.5570000000000004,11364.33140909527
0.5590000000000004,11455.03596907387
0.5610000000000004,11546.13666256412
0.5630000000000004,11637.63379810519
0.5650000000000004,11729.52768337729
0.5670000000000004,11821.81862520703
0.5690000000000004,11914.50692957291
0.5710000000000004,12007.59290161054
0.5730000000000004,12101.07684561799
0.5750000000000004,12194.95906506094
0.5770000000000004,12289.23986257792
0.5790000000000004,12383.91953998537
0.5810000000000004,12478.99839828275
0.5830000000000004,12574.47673765755
0.5850000000000004,12670.35485749027
0.5870000000000004,12766.63305635931
0.5890000000000004,12863.31163204593
0.5910000000000004,12960.39088153899
0.5930000000000004,13057.8711010398
0.5950000000000004,13155.75258596685
0.5970000000000004,13254.0356309605
0.5990000000000004,13352.72052988764
0.6010000000000004,13451.80757584628
0.6030000000000004,13551.29706117019
0.6050000000000004,13651.18927743333
0.6070000000000004,13751.48451545439
0.6090000000000004,13852.18306530123
0.6110000000000004,13953.28521629528
0.6130000000000004,14054.7912570159
0.6150000000000004,14156.7014753047
0.6170000000000004,14259.01615826981
0.6190000000000004,14361.73559229018
0.6210000000000004,14464.86006301971
0.6230000000000004,14568.38985539148
0.6250000000000004,14672.32525362185
0.6270000000000004,14776.66654121458
0.6290000000000004,14881.41400096485
0.6310000000000004,14986.56791496333
0.6330000000000005,15092.12856460011
0.6350000000000005,15198.09623056873
0.6370000000000005,15304.47119287002
0.6390000000000005,15411.25373081601
0.6410000000000005,15518.44412303382
0.6430000000000005,15626.0426474694
0.6450000000000005,15734.04958139137
0.6470000000000005,15842.46520139477
0.6490000000000005,15951.28978340472
0.6510000000000005,16060.52360268018
0.6530000000000005,16170.16693381755
0.6550000000000005,16280.22005075431
0.6570000000000005,16390.68322677265
0.6590000000000005,16501.55673450294
0.6610000000000005,16612.84084592737
0.6630000000000005,16724.53583238335
0.6650000000000005,16836.64196456708
0.6670000000000005,16949.15951253691
0.6690000000000005,17062.08874571679
0.6710000000000005,17175.42993289967
0.6730000000000005,17289.18334225085
0.6750000000000005,17403.34924131126
0.6770000000000005,17517.92789700085
0.6790000000000005,17632.9195756218
0.6810000000000005,17748.32454286178
0.6830000000000005,17864.1430637972
0.6850000000000005,17980.37540289638
0.6870000000000005,18097.02182402269
0.6890000000000005,18214.08259043779
0.6910000000000005,18331.55796480464
0.6930000000000005,18449.44820919066
0.6950000000000005,18567.75358507077
0.6970000000000005,18686.47435333044
0.6990000000000005,18805.61077426873
0.7010000000000005,18925.16310760124
0.7030000000000005,19045.13161246313
0.7050000000000005,19165.51654741204
0.7070000000000005,19286.318170431
0.7090000000000005,19407.53673893139
0.7110000000000005,19529.17250975574
0.7130000000000005,19651.22573918067
0.7150000000000005,19773.69668291965
0.7170000000000005,19896.58559612585
0.7190000000000005,20019.89273339492
0.7210000000000005,20143.61834876776
0.7230000000000005,20267.76269573329
0.7250000000000005,20392.32602723111
0.7270000000000005,20517.3085956543
0.7290000000000005,20642.71065285201
0.7310000000000005,20768.53245013217
0.7330000000000005,20894.77423826415
0.7350000000000005,21021.43626748136
0.7370000000000005,21148.51878748382
0.7390000000000005,21276.02204744083
0.7410000000000005,21403.94629599344
0.7430000000000005,21532.29178125706
0.7450000000000006,21661.05875082395
0.7470000000000006,21790.24745176575
0.7490000000000006,21919.85813063595
0.7510000000000006,22049.89103347237
0.7530000000000006,22180.3464057996
0.7550000000000006,22311.22449263146
0.7570000000000006,22442.52553847338
0.7590000000000006,22574.24978732482
0.7610000000000006,22706.39748268165
0.7630000000000006,22838.96886753849
0.7650000000000006,22971.96418439107
0.7670000000000006,23105.38367523858
0.7690000000000006,23239.22758158595
0.7710000000000006,23373.49614444614
0.7730000000000006,23508.18960434245
0.7750000000000006,23643.30820131076
0.7770000000000006,23778.85217490176
0.7790000000000006,23914.82176418322
0.7810000000000006,24051.21720774218
0.7830000000000006,24188.03874368713
0.7850000000000006,24325.28660965021
0.7870000000000006,24462.9610427894
0.7890000000000006,24601.06227979061
0.7910000000000006,24739.59055686987
0.7930000000000006,24878.54610977544
0.7950000000000006,25017.92917378989
0.7970000000000006,25157.73998373222
0.7990000000000006,25297.97877395991
0.8010000000000006,25438.64577837102
0.8030000000000006,25579.74123040618
0.8050000000000006,25721.26536305069
0.8070000000000006,25863.21840883649
0.8090000000000006,26005.60059984417
0.8110000000000006,26148.41216770499
0.8130000000000006,26291.65334360283
0.8150000000000006,26435.32435827618
0.8170000000000006,26579.42544202005
0.8190000000000006,26723.95682468795
0.8210000000000006,26868.91873569377
0.8230000000000006,27014.31140401377
0.8250000000000006,27160.13505818837
0.8270000000000006,27306.38992632412
0.8290000000000006,27453.07623609554
0.8310000000000006,27600.19421474697
0.8330000000000006,27747.74408909446
0.8350000000000006,27895.72608552755
0.8370000000000006,28044.14043001113
0.8390000000000006,28192.98734808723
0.8410000000000006,28342.26706487685
0.8430000000000006,28491.9798050817
0.8450000000000006,28642.12579298604
0.8470000000000006,28792.70525245835
0.8490000000000006,28943.7184069532
0.8510000000000006,29095.16547951286
0.8530000000000006,29247.04669276916
0.8550000000000006,29399.36226894509
0.8570000000000007,29552.1124298566
0.8590000000000007,29705.29739691422
0.8610000000000007,29858.91739112481
0.8630000000000007,30012.97263309319
0.8650000000000007,30167.46334302381
0.8670000000000007,30322.38974072243
0.8690000000000007,30477.7520455977
0.8710000000000007,30633.55047666287
0.8730000000000007,30789.78525253734
0.8750000000000007,30946.45659144833
0.8770000000000007,31103.5647112324
0.8790000000000007,31261.10982933715
0.8810000000000007,31419.0921628227
0.8830000000000007,31577.51192836332
0.8850000000000007,31736.36934224893
0.8870000000000007,31895.66462038674
0.8890000000000007,32055.3979783027
0.8910000000000007,32215.56963114309
0.8930000000000007,32376.17979367599
0.8950000000000007,32537.22868029286
0.8970000000000007,32698.71650500999
0.8990000000000007,32860.64348146998
0.9010000000000007,33023.00982294326
0.9030000000000007,33185.81574232957
0.9050000000000007,33349.06145215941
0.9070000000000007,33512.74716459546
0.9090000000000007,33676.8730914341
0.9110000000000007,33841.43944410678
0.9130000000000007,34006.44643368149
0.9150000000000007,34171.89427086417
0.9170000000000007,34337.78316600013
0.9190000000000007,34504.11332907542
0.9210000000000007,34670.88496971829
0.9230000000000007,34838.09829720049
0.9250000000000007,35005.75352043873
0.9270000000000007,35173.85084799601
0.9290000000000007,35342.39048808296
0.9310000000000007,35511.37264855926
0.9330000000000007,35680.79753693491
0.9350000000000007,35850.66536037163
0.9370000000000007,36020.97632568413
0.9390000000000007,36191.73063934151
0.9410000000000007,36362.9285074685
0.9430000000000007,36534.57013584677
0.9450000000000007,36706.65572991629
0.9470000000000007,36879.18549477657
0.9490000000000007,37052.15963518795
0.9510000000000007,37225.57835557288
0.9530000000000007,37399.4418600172
0.9550000000000007,37573.75035227137
0.9570000000000007,37748.50403575175
0.9590000000000007,37923.70311354185
0.9610000000000007,38099.34778839354
0.9630000000000007,38275.4382627283
0.9650000000000007,38451.97473863844
0.9670000000000007,38628.95741788834
0.9690000000000007,38806.38650191562
0.9710000000000008,38984.26219183235
0.9730000000000008,39162.58468842629
0.9750000000000008,39341.35419216203
0.9770000000000008,39520.5709031822
0.9790000000000008,39700.23502130862
0.9810000000000008,39880.34674604352
0.9830000000000008,40060.90627657063
0.9850000000000008,40241.91381175641
0.9870000000000008,40423.36955015113
0.9890000000000008,40605.27368999008
0.9910000000000008,40787.62642919466
0.9930000000000008,40970.42796537354
0.9950000000000008,41153.67849582372
0.9970000000000008,41337.37821753175
0.9990000000000008,41521.52732717478
1.001000000000001,41706.12602112165
