x,y
0.0,0.0
0.001,0.02290273729967256
0.003,0.2619041225756543
0.005,0.813210282310687
0.007,1.715200301672355
0.009000000000000001,2.995003109218046
0.011,4.674082431958788
0.013,6.770390945593402
0.015,9.299461574015675
0.017,12.27504517954002
0.019,15.70951866389264
0.021,19.61416332786641
0.02300000000000001,23.99936395453134
0.02500000000000001,28.87475652376635
0.02700000000000001,34.2493410795191
0.02900000000000001,40.13157006890993
0.03100000000000001,46.52941888407862
0.03300000000000002,53.45044315755
0.03500000000000002,60.90182598227213
0.03700000000000002,68.8904173238754
0.03900000000000002,77.42276728315575
0.04100000000000002,86.50515444495825
0.04300000000000002,96.14361025110175
0.04500000000000003,106.3439401194815
0.04700000000000003,117.1117418731611
0.04900000000000003,128.4524219250857
0.05100000000000003,140.3712095745827
0.05300000000000003,152.8731697031947
0.05500000000000003,165.9632141041486
0.05700000000000004,179.6461116379964
0.05900000000000004,193.9264973738802
0.06100000000000004,208.808880849433
0.06300000000000004,224.2976535609951
0.06500000000000004,240.3970957785233
0.06700000000000005,257.1113827653784
0.06900000000000005,274.4445904715146
0.07100000000000005,292.4007007589011
0.07300000000000005,310.9836062099354
0.07500000000000005,330.1971145628434
0.07700000000000005,350.0449528123342
0.07900000000000006,370.5307710089651
0.08100000000000006,391.6581457865308
0.08300000000000006,413.4305836432945
0.08500000000000006,435.8515239998367
0.08700000000000006,458.9243420537129
0.08900000000000007,482.6523514488458
0.09100000000000007,507.0388067756262
0.09300000000000007,532.0869059159986
0.09500000000000007,557.7997922463098
0.09700000000000007,584.1805567094051
0.09900000000000007,611.2322397662992
0.1010000000000001,638.9578332367458
0.1030000000000001,667.3602820371271
0.1050000000000001,696.4424858233097
0.1070000000000001,726.2073005453797
0.1090000000000001,756.657539920579
0.1110000000000001,787.7959768301678
0.1130000000000001,819.625344645477
0.1150000000000001,852.148338487923
0.1170000000000001,885.3676164274004
0.1190000000000001,919.285800623049
0.1210000000000001,953.9054784101348
0.1230000000000001,989.2292033364149
0.1250000000000001,1025.259496151148
0.1270000000000001,1061.99884574963
0.1290000000000001,1099.449710075944
0.1310000000000001,1137.614516986386
0.1330000000000001,1176.495665075869
0.1350000000000001,1216.095524469425
0.1370000000000001,1256.416437580776
0.1390000000000001,1297.46071983983
0.1410000000000001,1339.230660390769
0.1430000000000001,1381.728522762362
0.1450000000000001,1424.956545511962
0.1470000000000001,1468.91694284457
0.1490000000000001,1513.611905208283
0.1510000000000001,1559.043599867299
0.1530000000000001,1605.214171453645
0.1550000000000001,1652.125742498682
0.1570000000000001,1699.780413945355
0.1590000000000001,1748.180265642167
0.1610000000000001,1797.327356819716
0.1630000000000001,1847.223726550638
0.1650000000000001,1897.871394193741
0.1670000000000001,1949.272359823024
0.1690000000000001,2001.42860464232
0.1710000000000001,2054.342091386175
0.1730000000000001,2108.014764707585
0.1750000000000001,2162.448551553177
0.1770000000000001,2217.64536152638
0.1790000000000001,2273.607087239092
0.1810000000000001,2330.335604652337
0.1830000000000001,2387.83277340639
0.1850000000000001,2446.100437140791
0.1870000000000001,2505.140423804658
0.1890000000000001,2564.954545957719
0.1910000000000001,2625.544601062427
0.1930000000000001,2686.912371767489
0.1950000000000001,2749.059626183192
0.1970000000000001,2811.988118148804
0.1990000000000001,2875.699587492391
0.2010000000000002,2940.195760283308
0.2030000000000002,3005.478349077674
0.2050000000000002,3071.549053157059
0.2070000000000002,3138.409558760671
0.2090000000000002,3206.061539311251
0.2110000000000002,3274.506655634931
0.2130000000000002,3343.746556175247
0.2150000000000002,3413.782877201536
0.2170000000000002,3484.617243011911
0.2190000000000002,3556.251266130992
0.2210000000000002,3628.686547502602
0.2230000000000002,3701.924676677562
0.2250000000000002,3775.967231996794
0.2270000000000002,3850.815780769861
0.2290000000000002,3926.471879449104
0.2310000000000002,4002.937073799537
0.2330000000000002,4080.212899064615
0.2350000000000002,4158.300880128037
0.2370000000000002,4237.202531671669
0.2390000000000002,4316.919358329789
0.2410000000000002,4397.452854839663
0.2430000000000002,4478.804506188686
0.2450000000000002,4560.975787758081
0.2470000000000002,4643.968165463359
0.2490000000000002,4727.78309589159
0.2510000000000002,4812.422026435575
0.2530000000000002,4897.88639542504
0.2550000000000002,4984.177632254945
0.2570000000000002,5071.297157510945
0.2590000000000002,5159.246383092157
0.2610000000000002,5248.026712331263
0.2630000000000002,5337.639540112031
0.2650000000000002,5428.086252984349
0.2670000000000002,5519.368229276835
0.2690000000000002,5611.486839207088
0.2710000000000002,5704.443444989628
0.2730000000000002,5798.239400941642
0.2750000000000002,5892.876053586541
0.2770000000000002,5988.354741755431
0.2790000000000002,6084.676796686515
0.2810000000000002,6181.843542122525
0.2830000000000002,6279.856294406192
0.2850000000000002,6378.716362573863
0.2870000000000002,6478.425048447259
0.2890000000000002,6578.983646723442
0.2910000000000002,6680.393445063075
0.2930000000000002,6782.655724176924
0.2950000000000002,6885.771757910809
0.2970000000000002,6989.742813328842
0.2990000000000002,7094.57015079516
0.3010000000000002,7200.255024054119
0.3030000000000002,7306.798680308999
0.3050000000000002,7414.202360299248
0.3070000000000002,7522.467298376329
0.3090000000000002,7631.594722578155
0.3110000000000002,7741.585854702235
0.3130000000000002,7852.441910377438
0.3150000000000002,7964.164099134526
0.3170000000000002,8076.753624475424
0.3190000000000002,8190.211683941237
0.3210000000000002,8304.53946917915
0.3230000000000002,8419.738166008074
0.3250000000000002,8535.808954483227
0.3270000000000002,8652.753008959571
0.3290000000000002,8770.571498154175
0.3310000000000002,8889.265585207513
0.3330000000000002,9008.836427743749
0.3350000000000002,9129.28517792996
0.3370000000000002,9250.61298253445
0.3390000000000002,9372.820982984027
0.3410000000000002,9495.910315420364
0.3430000000000002,9619.882110755447
0.3450000000000003,9744.737494726105
0.3470000000000003,9870.477587947667
0.3490000000000003,9997.103505966741
0.3510000000000003,10124.61635931317
0.3530000000000003,10253.01725355113
0.3550000000000003,10382.30728932947
0.3570000000000003,10512.48756243122
0.3590000000000003,10643.55916382231
0.3610000000000003,10775.52317969958
0.3630000000000003,10908.38069153804
0.3650000000000003,11042.13277613732
0.3670000000000003,11176.78050566758
0.3690000000000003,11312.32494771451
0.3710000000000003,11448.76716532383
0.3730000000000003,11586.10821704504
0.3750000000000003,11724.34915697448
0.3770000000000003,11863.49103479783
0.3790000000000003,12003.53489583194
0.3810000000000003,12144.48178106602
0.3830000000000003,12286.3327272023
0.3850000000000003,12429.08876669598
0.3870000000000003,12572.75092779476
0.3890000000000003,12717.32023457763
0.3910000000000003,12862.79770699323
0.3930000000000003,13009.18436089761
0.3950000000000003,13156.48120809143
0.3970000000000003,13304.68925635675
0.3990000000000003,13453.80950949309
0.4010000000000003,13603.84296735321
0.4030000000000003,13754.79062587828
0.4050000000000003,13906.65347713256
0.4070000000000003,14059.4325093376
0.4090000000000003,14213.12870690605
0.4110000000000003,14367.7430504749
0.4130000000000003,14523.27651693835
0.4150000000000003,14679.73007948016
0.4170000000000003,14837.10470760567
0.4190000000000003,14995.4013671733
0.4210000000000003,15154.62102042564
0.4230000000000003,15314.76462602019
0.4250000000000003,15475.83313905965
0.4270000000000003,15637.82751112176
0.4290000000000003,15800.74869028889
0.4310000000000003,15964.59762117709
0.4330000000000003,16129.3752449649
0.4350000000000003,16295.08249942166
0.4370000000000003,16461.72031893555
0.4390000000000003,16629.28963454126
0.4410000000000003,16797.79137394727
0.4430000000000003,16967.2264615628
0.4450000000000003,17137.59581852446
0.4470000000000003,17308.90036272248
0.4490000000000003,17481.14100882673
0.4510000000000003,17654.31866831227
0.4530000000000003,17828.43424948477
0.4550000000000003,18003.4886575054
0.4570000000000004,18179.48279441562
0.4590000000000004,18356.41755916154
0.4610000000000004,18534.29384761797
0.4630000000000004,18713.11255261234
0.4650000000000004,18892.8745639481
0.4670000000000004,19073.58076842803
0.4690000000000004,19255.2320498772
0.4710000000000004,19437.82928916562
0.4730000000000004,19621.37336423067
0.4750000000000004,19805.86515009929
0.4770000000000004,19991.30551890984
0.4790000000000004,20177.69533993374
0.4810000000000004,20365.03547959683
0.4830000000000004,20553.32680150061
0.4850000000000004,20742.57016644301
0.4870000000000004,20932.7664324391
0.4890000000000004,21123.91645474153
0.4910000000000004,21316.02108586066
0.4930000000000004,21509.08117558457
0.4950000000000004,21703.09757099874
0.4970000000000004,21898.07111650559
0.4990000000000004,22094.00265384376
0.5010000000000003,22290.89302210715
0.5030000000000003,22488.74305776387
0.5050000000000003,22687.55359467478
0.5070000000000003,22887.32546411199
0.5090000000000003,23088.05949477711
0.5110000000000003,23289.75651281927
0.5130000000000003,23492.417341853
0.5150000000000003,23696.0428029758
0.5170000000000003,23900.6337147857
0.5190000000000003,24106.19089339849
0.5210000000000004,24312.71515246477
0.5230000000000004,24520.2073031869
0.5250000000000004,24728.66815433572
0.5270000000000004,24938.09851226707
0.5290000000000004,25148.49918093818
0.5310000000000004,25359.87096192387
0.5330000000000004,25572.21465443253
0.5350000000000004,25785.53105532206
0.5370000000000004,25999.82095911553
0.5390000000000004,26215.08515801666
0.5410000000000004,26431.32444192526
0.5430000000000004,26648.53959845241
0.5450000000000004,26866.73141293554
0.5470000000000004,27085.9006684533
0.5490000000000004,27306.04814584033
0.5510000000000004,27527.17462370186
0.5530000000000004,27749.28087842814
0.5550000000000004,27972.36768420877
0.5570000000000004,28196.43581304689
0.5590000000000004,28421.48603477312
0.5610000000000004,28647.51911705952
0.5630000000000004,28874.5358254333
0.5650000000000004,29102.53692329043
0.5670000000000004,29331.5231719091
0.5690000000000004,29561.4953304631
0.5710000000000004,29792.45415603498
0.5730000000000004,30024.40040362917
0.5750000000000004,30257.3348261849
0.5770000000000004,30491.25817458908
0.5790000000000004,30726.17119768893
0.5810000000000004,30962.07464230463
0.5830000000000004,31198.96925324172
0.5850000000000004,31436.85577330353
0.5870000000000004,31675.73494330328
0.5890000000000004,31915.60750207633
0.5910000000000004,32156.474186492
0.5930000000000004,32398.33573146565
0.5950000000000004,32641.19286997029
0.5970000000000004,32885.04633304833
0.5990000000000004,33129.89684982302
0.6010000000000004,33375.74514751007
0.6030000000000004,33622.59195142883
0.6050000000000004,33870.43798501354
0.6070000000000004,34119.28396982455
0.6090000000000004,34369.13062555926
0.6110000000000004,34619.97867006308
0.6130000000000004,34871.82881934021
0.6150000000000004,35124.68178756444
0.6170000000000004,35378.53828708972
0.6190000000000004,35633.39902846071
0.6210000000000004,35889.26472042324
0.6230000000000004,36146.1360699346
0.6250000000000004,36404.01378217387
0.6270000000000004,36662.89856055197
0.6290000000000004,36922.79110672187
0.6310000000000004,37183.69212058844
0.6330000000000005,37445.60230031842
0.6350000000000005,37708.52234235021
0.6370000000000005,37972.45294140358
0.6390000000000005,38237.39479048928
0.6410000000000005,38503.34858091867
0.6430000000000005,38770.31500231309
0.6450000000000005,39038.29474261331
0.6470000000000005,39307.28848808882
0.6490000000000005,39577.296923347
0.6510000000000005,39848.32073134237
0.6530000000000005,40120.36059338557
0.6550000000000005,40393.41718915237
0.6570000000000005,40667.49119669262
0.6590000000000005,40942.58329243901
0.6610000000000005,41218.69415121592
0.6630000000000005,41495.82444624805
0.6650000000000005,41773.97484916902
0.6670000000000005,42053.14603003001
0.6690000000000005,42333.33865730809
0.6710000000000005,42614.55339791473
0.6730000000000005,42896.79091720413
0.6750000000000005,43180.05187898138
0.6770000000000005,43464.33694551078
0.6790000000000005,43749.64677752388
0.6810000000000005,44035.98203422756
0.6830000000000005,44323.34337331205
0.6850000000000005,44611.73145095885
0.6870000000000005,44901.14692184854
0.6890000000000005,45191.59043916868
0.6910000000000005,45483.06265462146
0.6930000000000005,45775.5642184314
0.6950000000000005,46069.09577935297
0.6970000000000005,46363.65798467818
0.6990000000000005,46659.25148024396
0.7010000000000005,46955.87691043972
0.7030000000000005,47253.53491821467
0.7050000000000005,47552.22614508508
0.7070000000000005,47851.95123114162
0.7090000000000005,48152.71081505652
0.7110000000000005,48454.50553409072
0.7130000000000005,48757.33602410097
0.7150000000000005,49061.20291954679
0.7170000000000005,49366.10685349758
0.7190000000000005,49672.0484576394
0.7210000000000005,49979.02836228193
0.7230000000000005,50287.04719636526
0.7250000000000005,50596.10558746663
0.7270000000000005,50906.20416180717
0.7290000000000005,51217.34354425861
0.7310000000000005,51529.52435834969
0.7330000000000005,51842.747226273
0.7350000000000005,52157.01276889128
0.7370000000000005,52472.32160574392
0.7390000000000005,52788.67435505345
0.7410000000000005,53106.07163373182
0.7430000000000005,53424.51405738674
0.7450000000000006,53744.00224032794
0.7470000000000006,54064.53679557339
0.7490000000000006,54386.11833485551
0.7510000000000006,54708.74746862725
0.7530000000000006,55032.42480606814
0.7550000000000006,55357.15095509047
0.7570000000000006,55682.9265223451
0.7590000000000006,56009.75211322754
0.7610000000000006,56337.6283318838
0.7630000000000006,56666.55578121627
0.7650000000000006,56996.5350628895
0.7670000000000006,57327.56677733601
0.7690000000000006,57659.65152376207
0.7710000000000006,57992.78990015326
0.7730000000000006,58326.98250328027
0.7750000000000006,58662.2299287044
0.7770000000000006,58998.5327707832
0.7790000000000006,59335.89162267595
0.7810000000000006,59674.30707634921
0.7830000000000006,60013.77972258219
0.7850000000000006,60354.31015097225
0.7870000000000006,60695.89894994021
0.7890000000000006,61038.54670673569
0.7910000000000006,61382.25400744247
0.7930000000000006,61727.02143698368
0.7950000000000006,62072.84957912708
0.7970000000000006,62419.73901649019
0.7990000000000006,62767.69033054548
0.8010000000000006,63116.70410162549
0.8030000000000006,63466.78090892788
0.8050000000000006,63817.92133052051
0.8070000000000006,64170.12594334641
0.8090000000000006,64523.3953232288
0.8110000000000006,64877.730044876
0.8130000000000006,65233.13068188632
0.8150000000000006,65589.59780675301
0.8170000000000006,65947.13199086898
0.8190000000000006,66305.73380453174
0.8210000000000006,66665.40381694806
0.8230000000000006,67026.1425962388
0.8250000000000006,67387.95070944354
0.8270000000000006,67750.82872252532
0.8290000000000006,68114.77720037526
0.8310000000000006,68479.79670681719
0.8330000000000006,68845.8878046122
0.8350000000000006,69213.05105546325
0.8370000000000006,69581.28702001963
0.8390000000000006,69950.5962578815
0.8410000000000006,70320.97932760432
0.8430000000000006,70692.43678670334
0.8450000000000006,71064.96919165792
0.8470000000000006,71438.57709791594
0.8490000000000006,71813.26105989824
0.8510000000000006,72189.02163100273
0.8530000000000006,72565.85936360892
0.8550000000000006,72943.774809082
0.8570000000000007,73322.76851777716
0.8590000000000007,73702.84103904375
0.8610000000000007,74083.99292122952
0.8630000000000007,74466.22471168473
0.8650000000000007,74849.53695676627
0.8670000000000007,75233.93020184177
0.8690000000000007,75619.40499129368
0.8710000000000007,76005.96186852329
0.8730000000000007,76393.60137595482
0.8750000000000007,76782.32405503934
0.8770000000000007,77172.13044625868
0.8790000000000007,77563.02108912962
0.8810000000000007,77954.9965222075
0.8830000000000007,78348.05728309034
0.8850000000000007,78742.2039084226
0.8870000000000007,79137.4369338991
0.8890000000000007,79533.7568942687
0.8910000000000007,79931.16432333831
0.8930000000000007,80329.65975397646
0.8950000000000007,80729.2437181172
0.8970000000000007,81129.91674676372
0.8990000000000007,81531.6793699921
0.9010000000000007,81934.53211695499
0.9030000000000007,82338.47551588528
0.9050000000000007,82743.51009409974
0.9070000000000007,83149.63637800257
0.9090000000000007,83556.85489308905
0.9110000000000007,83965.1661639491
0.9130000000000007,84374.5707142708
0.9150000000000007,84785.06906684395
0.9170000000000007,85196.66174356357
0.9190000000000007,85609.34926543332
0.9210000000000007,86023.13215256909
0.9230000000000007,86438.01092420226
0.9250000000000007,86853.98609868335
0.9270000000000007,87271.05819348515
0.9290000000000007,87689.22772520635
0.9310000000000007,88108.49520957471
0.9330000000000007,88528.86116145055
0.9350000000000007,88950.32609482991
0.9370000000000007,89372.890522848
0.9390000000000007,89796.55495778237
0.9410000000000007,90221.31991105621
0.9430000000000007,90647.18589324162
0.9450000000000007,91074.15341406276
0.9470000000000007,91502.22298239914
0.9490000000000007,91931.39510628872
0.9510000000000007,92361.6702929311
0.9530000000000007,92793.04904869074
0.9550000000000007,93225.53187909994
0.9570000000000007,93659.11928886207
0.9590000000000007,94093.81178185466
0.9610000000000007,94529.60986113237
0.9630000000000007,94966.51402893018
0.9650000000000007,95404.52478666625
0.9670000000000007,95843.64263494521
0.9690000000000007,96283.86807356088
0.9710000000000008,96725.2016014994
0.9730000000000008,97167.64371694221
0.9750000000000008,97611.19491726895
0.9770000000000008,98055.8556990604
0.9790000000000008,98501.62655810144
0.9810000000000008,98948.5079893839
0.9830000000000008,99396.50048710944
0.9850000000000008,99845.60454469254
0.9870000000000008,100295.8206547631
0.9890000000000008,100747.1493091696
0.9910000000000008,101199.5909989817
0.9930000000000008,101653.146214493
0.9950000000000008,102107.815445224
0.9970000000000008,102563.5991799248
0.9990000000000008,103020.4979065779
1.001000000000001,103478.5121124008
1.003000000000001,103937.6422838489
1.005000000000001,104397.8889066181
1.007000000000001,104859.2524656475
1.009000000000001,105321.7334451223
1.011000000000001,105785.3323284759
1.013000000000001,106250.0495983934
1.015000000000001,106715.8857368134
1.017000000000001,107182.8412249312
1.019000000000001,107650.9165432011
1.021000000000001,108120.1121713392
1.023000000000001,108590.4285883257
1.025000000000001,109061.8662724078
1.027000000000001,109534.425701102
1.029000000000001,110008.1073511969
1.031000000000001,110482.9116987553
1.033000000000001,110958.8392191172
1.035000000000001,111435.8903869019
1.037000000000001,111914.0656760108
1.039000000000001,112393.3655596297
1.041000000000001,112873.7905102311
1.043000000000001,113355.340999577
1.045000000000001,113838.0174987211
1.047000000000001,114321.8204780113
1.049000000000001,114806.750407092
1.051000000000001,115292.8077549067
1.053000000000001,115779.9929897001
1.055000000000001,116268.3065790208
1.057000000000001,116757.7489897233
1.059000000000001,117248.3206879707
1.061000000000001,117740.0221392365
1.063000000000001,118232.8538083078
1.065000000000001,118726.8161592866
1.067000000000001,119221.9096555927
1.069000000000001,119718.1347599659
1.071000000000001,120215.4919344682
1.073000000000001,120713.9816404861
1.075000000000001,121213.6043387329
1.077000000000001,121714.3604892505
1.079000000000001,122216.2505514124
1.081000000000001,122719.2749839252
1.083000000000001,123223.4342448313
1.085000000000001,123728.7287915107
1.087000000000001,124235.1590806834
1.089000000000001,124742.7255684117
1.091000000000001,125251.4287101019
1.093000000000001,125761.2689605069
1.095000000000001,126272.2467737281
1.097000000000001,126784.3626032176
