x,y
0.0,0.0
0.001,0.022902737299672564
0.003,0.26190412257565426
0.005,0.813210282310687
0.007,1.7152003016723552
0.009000000000000001,2.995003109218046
0.011000000000000001,4.674082431958788
0.013000000000000001,6.770390945593402
0.015000000000000001,9.299461574015675
0.017,12.275045179540024
0.019000000000000003,15.709518663892643
0.021000000000000005,19.614163327866407
0.023000000000000007,23.999363954531336
0.02500000000000001,28.874756523766354
0.02700000000000001,34.2493410795191
0.029000000000000012,40.13157006890993
0.031000000000000014,46.529418884078616
0.033000000000000015,53.450443157550005
0.03500000000000002,60.90182598227213
0.03700000000000002,68.8904173238754
0.03900000000000002,77.42276728315575
0.04100000000000002,86.50515444495825
0.043000000000000024,96.14361025110175
0.045000000000000026,106.34394011948149
0.04700000000000003,117.11174187316107
0.04900000000000003,128.4524219250857
0.05100000000000003,140.37120957458268
0.05300000000000003,152.87316970319475
0.055000000000000035,165.96321410414862
0.05700000000000004,179.6461116379964
0.05900000000000004,193.92649737388018
0.06100000000000004,208.80888084943297
0.06300000000000004,224.29765356099512
0.06500000000000004,240.39709577852332
0.06700000000000005,257.11138276537844
0.06900000000000005,274.4445904715146
0.07100000000000005,292.4007007589011
0.07300000000000005,310.98360620993543
0.07500000000000005,330.1971145628434
0.07700000000000005,350.0449528123342
0.07900000000000006,370.5307710089651
0.08100000000000006,391.65814578653084
0.08300000000000006,413.4305836432945
0.08500000000000006,435.8515239998367
0.08700000000000006,458.9243420537129
0.08900000000000007,482.6523514488458
0.09100000000000007,507.0388067756262
0.09300000000000007,532.0869059159986
0.09500000000000007,557.7997922463098
0.09700000000000007,584.1805567094051
0.09900000000000007,611.2322397662992
0.10100000000000008,638.9578332367458
0.10300000000000008,667.3602820371271
0.10500000000000008,696.4424858233097
0.10700000000000008,726.2073005453797
0.10900000000000008,756.657539920579
0.11100000000000008,787.7959768301678
0.11300000000000009,819.625344645477
0.11500000000000009,852.148338487923
0.11700000000000009,885.3676164274004
0.11900000000000009,919.285800623049
0.1210000000000001,953.9054784101348
0.1230000000000001,989.2292033364149
0.12500000000000008,1025.2594961511477
0.12700000000000009,1061.9988457496302
0.1290000000000001,1099.4497100759436
0.1310000000000001,1137.6145169863862
0.1330000000000001,1176.4956650758688
0.1350000000000001,1216.0955244694248
0.1370000000000001,1256.4164375807761
0.1390000000000001,1297.46071983983
0.1410000000000001,1339.2306603907687
0.1430000000000001,1381.728522762362
0.1450000000000001,1424.9565455119616
0.1470000000000001,1468.9169428445705
0.1490000000000001,1513.6119052082831
0.1510000000000001,1559.0435998672988
0.1530000000000001,1605.2141714536451
0.1550000000000001,1652.1257424986816
0.1570000000000001,1699.7804139453553
0.1590000000000001,1748.180265642167
0.16100000000000012,1797.3273568197155
0.16300000000000012,1847.2237265506378
0.16500000000000012,1897.871394193741
0.16700000000000012,1949.272359823024
0.16900000000000012,2001.4286046423201
0.17100000000000012,2054.3420913861746
0.17300000000000013,2108.014764707585
0.17500000000000013,2162.4485515531774
0.17700000000000013,2217.6453615263804
0.17900000000000013,2273.607087239092
0.18100000000000013,2330.3356046523368
0.18300000000000013,2387.83277340639
0.18500000000000014,2446.100437140791
0.18700000000000014,2505.1404238046575
0.18900000000000014,2564.954545957719
0.19100000000000014,2625.5446010624273
0.19300000000000014,2686.912371767489
0.19500000000000015,2749.0596261831915
0.19700000000000015,2811.988118148804
0.19900000000000015,2875.699587492391
0.20100000000000015,2940.195760283308
0.20300000000000015,3005.4783490776745
0.20500000000000015,3071.549053157059
0.20700000000000016,3138.4095587606707
0.20900000000000016,3206.061539311251
0.21100000000000016,3274.506655634931
0.21300000000000016,3343.746556175247
0.21500000000000016,3413.782877201536
0.21700000000000016,3484.617243011911
0.21900000000000017,3556.251266130992
0.22100000000000017,3628.6865475026016
0.22300000000000017,3701.9246766775623
0.22500000000000017,3775.967231996794
0.22700000000000017,3850.815780769861
0.22900000000000018,3926.4718794491037
0.23100000000000018,4002.937073799537
0.23300000000000018,4080.212899064615
0.23500000000000018,4158.300880128037
0.23700000000000018,4237.202531671669
0.23900000000000018,4316.919358329789
0.2410000000000002,4397.452854839663
0.2430000000000002,4478.804506188686
0.2450000000000002,4560.9757877580805
0.2470000000000002,4643.968165463359
0.2490000000000002,4727.78309589159
0.25100000000000017,4812.422026435575
0.25300000000000017,4897.88639542504
0.25500000000000017,4984.177632254945
0.2570000000000002,5071.297157510945
0.2590000000000002,5159.246383092157
0.2610000000000002,5248.026712331263
0.2630000000000002,5337.639540112031
0.2650000000000002,5428.086252984349
0.2670000000000002,5519.368229276835
0.2690000000000002,5611.486839207088
0.2710000000000002,5704.443444989628
0.2730000000000002,5798.239400941642
0.2750000000000002,5892.876053586541
0.2770000000000002,5988.354741755431
0.2790000000000002,6084.6767966865145
0.2810000000000002,6181.843542122525
0.2830000000000002,6279.856294406192
0.2850000000000002,6378.716362573863
0.2870000000000002,6478.425048447259
0.2890000000000002,6578.983646723442
0.2910000000000002,6680.393445063075
0.2930000000000002,6782.655724176924
0.2950000000000002,6885.771757910809
0.2970000000000002,6989.742813328842
0.2990000000000002,7094.57015079516
0.3010000000000002,7200.255024054119
0.3030000000000002,7306.798680308999
0.3050000000000002,7414.202360299248
0.3070000000000002,7522.467298376329
0.3090000000000002,7631.594722578155
0.3110000000000002,7741.585854702235
0.3130000000000002,7852.441910377438
0.3150000000000002,7964.164099134526
0.3170000000000002,8076.753624475424
0.31900000000000023,8190.211683941237
0.32100000000000023,8304.53946917915
0.32300000000000023,8419.738166008074
0.32500000000000023,8535.808954483227
0.32700000000000023,8652.753008959571
0.32900000000000024,8770.571498154175
0.33100000000000024,8889.265585207513
0.33300000000000024,9008.836427743749
0.33500000000000024,9129.28517792996
0.33700000000000024,9250.61298253445
0.33900000000000025,9372.820982984027
0.34100000000000025,9495.910315420364
0.34300000000000025,9619.882110755447
0.34500000000000025,9744.737494726105
0.34700000000000025,9870.477587947667
0.34900000000000025,9997.103505966741
0.35100000000000026,10124.61635931317
0.35300000000000026,10253.01725355113
0.35500000000000026,10382.307289329474
0.35700000000000026,10512.487562431224
0.35900000000000026,10643.55916382231
0.36100000000000027,10775.523179699583
0.36300000000000027,10908.38069153804
0.36500000000000027,11042.13277613732
0.36700000000000027,11176.780505667577
0.36900000000000027,11312.32494771451
0.3710000000000003,11448.767165323832
0.3730000000000003,11586.108217045043
0.3750000000000003,11724.34915697448
0.3770000000000003,11863.491034797833
0.3790000000000003,12003.534895831941
0.3810000000000003,12144.481781066022
0.3830000000000003,12286.332727202298
0.3850000000000003,12429.088766695984
0.3870000000000003,12572.750927794761
0.3890000000000003,12717.32023457763
0.3910000000000003,12862.797706993228
0.3930000000000003,13009.184360897605
0.3950000000000003,13156.481208091434
0.3970000000000003,13304.68925635675
0.3990000000000003,13453.809509493087
0.4010000000000003,13603.842967353206
0.4030000000000003,13754.790625878279
0.4050000000000003,13906.653477132559
0.4070000000000003,14059.432509337601
0.4090000000000003,14213.128706906053
0.4110000000000003,14367.743050474903
0.4130000000000003,14523.276516938347
0.4150000000000003,14679.73007948016
0.4170000000000003,14837.104707605671
0.4190000000000003,14995.401367173297
0.4210000000000003,15154.621020425639
0.4230000000000003,15314.764626020195
0.4250000000000003,15475.833139059652
0.4270000000000003,15637.82751112176
0.4290000000000003,15800.748690288892
0.4310000000000003,15964.597621177094
0.43300000000000033,16129.375244964904
0.43500000000000033,16295.082499421658
0.43700000000000033,16461.72031893555
0.43900000000000033,16629.28963454126
0.44100000000000034,16797.791373947268
0.44300000000000034,16967.2264615628
0.44500000000000034,17137.595818524456
0.44700000000000034,17308.90036272248
0.44900000000000034,17481.141008826726
0.45100000000000035,17654.318668312273
0.45300000000000035,17828.434249484766
0.45500000000000035,18003.488657505397
0.45700000000000035,18179.482794415624
0.45900000000000035,18356.41755916154
0.46100000000000035,18534.293847617973
0.46300000000000036,18713.11255261234
0.46500000000000036,18892.8745639481
0.46700000000000036,19073.580768428033
0.46900000000000036,19255.2320498772
0.47100000000000036,19437.829289165617
0.47300000000000036,19621.37336423067
0.47500000000000037,19805.865150099293
0.47700000000000037,19991.30551890984
0.47900000000000037,20177.695339933736
0.48100000000000037,20365.035479596834
0.4830000000000004,20553.326801500614
0.4850000000000004,20742.570166443013
0.4870000000000004,20932.766432439097
0.4890000000000004,21123.916454741528
0.4910000000000004,21316.021085860662
0.4930000000000004,21509.081175584568
0.4950000000000004,21703.097570998736
0.4970000000000004,21898.071116505587
0.4990000000000004,22094.002653843756
0.5010000000000003,22290.893022107153
0.5030000000000003,22488.74305776387
0.5050000000000003,22687.55359467478
0.5070000000000003,22887.32546411199
0.5090000000000003,23088.05949477711
0.5110000000000003,23289.756512819273
0.5130000000000003,23492.417341852997
0.5150000000000003,23696.0428029758
0.5170000000000003,23900.633714785705
0.5190000000000003,24106.19089339849
0.5210000000000004,24312.715152464767
0.5230000000000004,24520.207303186897
0.5250000000000004,24728.668154335715
0.5270000000000004,24938.09851226707
0.5290000000000004,25148.49918093818
0.5310000000000004,25359.870961923865
0.5330000000000004,25572.214654432533
0.5350000000000004,25785.531055322062
0.5370000000000004,25999.82095911553
0.5390000000000004,26215.085158016656
0.5410000000000004,26431.32444192526
0.5430000000000004,26648.539598452408
0.5450000000000004,26866.73141293554
0.5470000000000004,27085.9006684533
0.5490000000000004,27306.04814584033
0.5510000000000004,27527.17462370186
0.5530000000000004,27749.28087842814
0.5550000000000004,27972.367684208773
0.5570000000000004,28196.435813046886
0.5590000000000004,28421.486034773116
0.5610000000000004,28647.51911705952
0.5630000000000004,28874.5358254333
0.5650000000000004,29102.53692329043
0.5670000000000004,29331.5231719091
0.5690000000000004,29561.4953304631
0.5710000000000004,29792.45415603498
0.5730000000000004,30024.400403629166
0.5750000000000004,30257.334826184902
0.5770000000000004,30491.25817458908
0.5790000000000004,30726.171197688927
0.5810000000000004,30962.074642304626
0.5830000000000004,31198.969253241725
0.5850000000000004,31436.855773303527
0.5870000000000004,31675.734943303283
0.5890000000000004,31915.607502076327
0.5910000000000004,32156.474186492
0.5930000000000004,32398.335731465653
0.5950000000000004,32641.192869970295
0.5970000000000004,32885.046333048325
0.5990000000000004,33129.896849823024
0.6010000000000004,33375.74514751007
0.6030000000000004,33622.591951428825
0.6050000000000004,33870.437985013545
0.6070000000000004,34119.28396982455
0.6090000000000004,34369.130625559264
0.6110000000000004,34619.97867006308
0.6130000000000004,34871.82881934021
0.6150000000000004,35124.68178756444
0.6170000000000004,35378.53828708972
0.6190000000000004,35633.39902846071
0.6210000000000004,35889.26472042324
0.6230000000000004,36146.136069934604
0.6250000000000004,36404.01378217387
0.6270000000000004,36662.89856055197
0.6290000000000004,36922.79110672187
0.6310000000000004,37183.692120588436
0.6330000000000005,37445.60230031842
0.6350000000000005,37708.52234235021
0.6370000000000005,37972.45294140358
0.6390000000000005,38237.394790489285
0.6410000000000005,38503.34858091867
0.6430000000000005,38770.315002313095
0.6450000000000005,39038.29474261331
0.6470000000000005,39307.288488088816
0.6490000000000005,39577.296923347
0.6510000000000005,39848.32073134237
0.6530000000000005,40120.360593385565
0.6550000000000005,40393.41718915237
0.6570000000000005,40667.49119669262
0.6590000000000005,40942.58329243901
0.6610000000000005,41218.694151215925
0.6630000000000005,41495.82444624805
0.6650000000000005,41773.97484916902
0.6670000000000005,42053.14603003001
0.6690000000000005,42333.338657308086
0.6710000000000005,42614.55339791473
0.6730000000000005,42896.790917204125
0.6750000000000005,43180.05187898138
0.6770000000000005,43464.33694551078
0.6790000000000005,43749.64677752388
0.6810000000000005,44035.982034227556
0.6830000000000005,44323.34337331205
0.6850000000000005,44611.73145095885
0.6870000000000005,44901.146921848536
0.6890000000000005,45191.59043916868
0.6910000000000005,45483.062654621455
0.6930000000000005,45775.5642184314
0.6950000000000005,46069.09577935297
0.6970000000000005,46363.657984678175
0.6990000000000005,46659.25148024396
0.7010000000000005,46955.87691043972
0.7030000000000005,47253.53491821467
0.7050000000000005,47552.22614508508
0.7070000000000005,47851.95123114162
0.7090000000000005,48152.71081505652
0.7110000000000005,48454.50553409072
0.7130000000000005,48757.336024100965
0.7150000000000005,49061.20291954679
0.7170000000000005,49366.10685349758
0.7190000000000005,49672.0484576394
0.7210000000000005,49979.02836228193
0.7230000000000005,50287.04719636526
0.7250000000000005,50596.10558746663
0.7270000000000005,50906.204161807174
0.7290000000000005,51217.343544258605
0.7310000000000005,51529.52435834969
0.7330000000000005,51842.747226273
0.7350000000000005,52157.012768891276
0.7370000000000005,52472.32160574392
0.7390000000000005,52788.67435505345
0.7410000000000005,53106.07163373182
0.7430000000000005,53424.51405738674
0.7450000000000006,53744.002240327936
0.7470000000000006,54064.53679557339
0.7490000000000006,54386.11833485551
0.7510000000000006,54708.74746862725
0.7530000000000006,55032.42480606814
0.7550000000000006,55357.15095509047
0.7570000000000006,55682.9265223451
0.7590000000000006,56009.75211322754
0.7610000000000006,56337.6283318838
0.7630000000000006,56666.55578121627
0.7650000000000006,56996.5350628895
0.7670000000000006,57327.56677733601
0.7690000000000006,57659.65152376207
0.7710000000000006,57992.78990015326
0.7730000000000006,58326.98250328027
0.7750000000000006,58662.2299287044
0.7770000000000006,58998.532770783204
0.7790000000000006,59335.891622675954
0.7810000000000006,59674.30707634921
0.7830000000000006,60013.77972258219
0.7850000000000006,60354.310150972255
0.7870000000000006,60695.89894994021
0.7890000000000006,61038.546706735695
0.7910000000000006,61382.25400744247
0.7930000000000006,61727.02143698368
0.7950000000000006,62072.84957912708
0.7970000000000006,62419.73901649019
0.7990000000000006,62767.690330545476
0.8010000000000006,63116.70410162549
0.8030000000000006,63466.78090892788
0.8050000000000006,63817.92133052051
0.8070000000000006,64170.125943346415
0.8090000000000006,64523.395323228804
0.8110000000000006,64877.730044876
0.8130000000000006,65233.13068188632
0.8150000000000006,65589.59780675301
0.8170000000000006,65947.13199086898
0.8190000000000006,66305.73380453174
0.8210000000000006,66665.40381694806
0.8230000000000006,67026.1425962388
0.8250000000000006,67387.95070944354
0.8270000000000006,67750.82872252532
0.8290000000000006,68114.77720037526
0.8310000000000006,68479.79670681719
0.8330000000000006,68845.8878046122
0.8350000000000006,69213.05105546325
0.8370000000000006,69581.28702001963
0.8390000000000006,69950.5962578815
0.8410000000000006,70320.97932760432
0.8430000000000006,70692.43678670334
0.8450000000000006,71064.96919165792
0.8470000000000006,71438.57709791594
0.8490000000000006,71813.26105989824
0.8510000000000006,72189.02163100273
0.8530000000000006,72565.85936360892
0.8550000000000006,72943.774809082
0.8570000000000007,73322.76851777716
0.8590000000000007,73702.84103904375
0.8610000000000007,74083.99292122952
0.8630000000000007,74466.22471168473
0.8650000000000007,74849.53695676627
0.8670000000000007,75233.93020184177
0.8690000000000007,75619.40499129368
0.8710000000000007,76005.96186852329
0.8730000000000007,76393.60137595482
0.8750000000000007,76782.32405503934
0.8770000000000007,77172.13044625868
0.8790000000000007,77563.02108912962
0.8810000000000007,77954.9965222075
0.8830000000000007,78348.05728309034
0.8850000000000007,78742.2039084226
0.8870000000000007,79137.4369338991
0.8890000000000007,79533.7568942687
0.8910000000000007,79931.16432333831
0.8930000000000007,80329.65975397646
0.8950000000000007,80729.2437181172
0.8970000000000007,81129.91674676372
0.8990000000000007,81531.6793699921
0.9010000000000007,81934.53211695499
0.9030000000000007,82338.47551588528
0.9050000000000007,82743.51009409974
0.9070000000000007,83149.63637800257
0.9090000000000007,83556.85489308905
0.9110000000000007,83965.1661639491
0.9130000000000007,84374.5707142708
0.9150000000000007,84785.06906684395
0.9170000000000007,85196.66174356357
0.9190000000000007,85609.34926543332
0.9210000000000007,86023.13215256909
0.9230000000000007,86438.01092420226
0.9250000000000007,86853.98609868335
0.9270000000000007,87271.05819348515
0.9290000000000007,87689.22772520635
0.9310000000000007,88108.49520957471
0.9330000000000007,88528.86116145055
0.9350000000000007,88950.32609482991
0.9370000000000007,89372.890522848
0.9390000000000007,89796.55495778237
0.9410000000000007,90221.31991105621
0.9430000000000007,90647.18589324162
0.9450000000000007,91074.15341406276
0.9470000000000007,91502.22298239914
0.9490000000000007,91931.39510628872
0.9510000000000007,92361.6702929311
0.9530000000000007,92793.04904869074
0.9550000000000007,93225.53187909994
0.9570000000000007,93659.11928886207
0.9590000000000007,94093.81178185466
0.9610000000000007,94529.60986113237
0.9630000000000007,94966.51402893018
0.9650000000000007,95404.52478666625
0.9670000000000007,95843.64263494521
0.9690000000000007,96283.86807356088
0.9710000000000008,96725.2016014994
0.9730000000000008,97167.64371694221
0.9750000000000008,97611.19491726895
0.9770000000000008,98055.8556990604
0.9790000000000008,98501.62655810144
0.9810000000000008,98948.5079893839
0.9830000000000008,99396.50048710944
0.9850000000000008,99845.60454469254
0.9870000000000008,100295.82065476311
0.9890000000000008,100747.14930916963
0.9910000000000008,101199.59099898169
0.9930000000000008,101653.14621449297
0.9950000000000008,102107.81544522395
0.9970000000000008,102563.59917992477
0.9990000000000008,103020.49790657786
1.0010000000000008,103478.51211240079
1.0030000000000008,103937.64228384888
1.0050000000000008,104397.88890661807
1.0070000000000008,104859.25246564753
1.0090000000000008,105321.73344512226
1.0110000000000008,105785.33232847594
1.0130000000000008,106250.04959839344
1.0150000000000008,106715.88573681343
1.0170000000000008,107182.84122493122
1.0190000000000008,107650.91654320114
1.0210000000000008,108120.11217133918
1.0230000000000008,108590.42858832568
1.0250000000000008,109061.86627240777
1.0270000000000008,109534.42570110201
1.0290000000000008,110008.10735119689
1.0310000000000008,110482.9116987553
1.0330000000000008,110958.83921911719
1.0350000000000008,111435.89038690194
1.0370000000000008,111914.06567601084
1.0390000000000008,112393.36555962972
1.0410000000000008,112873.79051023109
1.0430000000000008,113355.34099957698
1.0450000000000008,113838.01749872108
1.0470000000000008,114321.82047801127
1.0490000000000008,114806.75040709198
1.0510000000000008,115292.80775490668
1.0530000000000008,115779.99298970013
1.0550000000000008,116268.3065790208
1.0570000000000008,116757.74898972333
1.0590000000000008,117248.32068797068
1.0610000000000008,117740.02213923655
1.0630000000000008,118232.85380830777
1.0650000000000008,118726.81615928655
1.0670000000000008,119221.90965559265
1.0690000000000008,119718.13475996586
1.0710000000000008,120215.49193446821
1.0730000000000008,120713.98164048615
1.0750000000000008,121213.60433873287
1.0770000000000008,121714.3604892505
1.0790000000000008,122216.25055141238
1.0810000000000008,122719.27498392522
1.0830000000000009,123223.43424483128
1.0850000000000009,123728.72879151066
1.0870000000000009,124235.15908068341
1.0890000000000009,124742.72556841168
1.0910000000000009,125251.42871010187
1.0930000000000009,125761.26896050687
1.0950000000000009,126272.2467737281
1.0970000000000009,126784.36260321763
