x,y
0.0,0.0
1.0,0.008360612172125702
2.0,0.01231320186312116
3.0,0.016633009056189446
4.0,0.021246093752440867
5.0,0.026099202084684196
6.0,0.031152396448179607
7.0,0.036374770251922574
8.0,0.04174178586751192
9.0,0.04723353943832449
10.0,0.052833587002957226
11.0,0.05852812612501454
12.0,0.06430541083499894
13.0,0.07015532422980694
14.0,0.07606906026532288
15.0,0.08203888279952186
16.0,0.08805794031608548
17.0,0.09412012145314509
18.0,0.10021994088677627
19.0,0.10635244810530275
20.0,0.11251315366353246
21.0,0.11869796894093554
22.0,0.12490315644567598
23.0,0.13112528843835788
24.0,0.13736121218225758
25.0,0.1436080205192935
26.0,0.1498630267631137
27.0,0.15612374312030403
28.0,0.1623878620173537
29.0,0.16865323983856542
30.0,0.1749178826785342
31.0,0.18117993378937858
32.0,0.18743766246290547
33.0,0.19368945413522762
34.0,0.1999338015389662
35.0,0.20616929675824383
36.0,0.21239462406586876
37.0,0.2186085534416966
38.0,0.22480993468709248
39.0,0.23099769206346932
40.0,0.2371708193936095
41.0,0.24332837557336137
42.0,0.24946948044868114
43.0,0.2555933110191605
44.0,0.2616990979343489
45.0,0.26778612225354986
46.0,0.27385371244345497
47.0,0.27990124159112945
48.0,0.28592812481253616
49.0,0.29193381683909214
50.0,0.2979178097667237
51.0,0.30387963095360315
52.0,0.30981884105422486
53.0,0.3157350321787745
54.0,0.3216278261678676
55.0,0.32749687297372393
56.0,0.33334184913970955
57.0,0.3391624563709419
58.0,0.34495842018933265
59.0,0.3507294886670415
60.0,0.35647543123284603
61.0,0.3621960375464132
62.0,0.3678911164358755
63.0,0.3735604948945058
64.0,0.3792040171326218
65.0,0.3848215436811578
66.0,0.3904129505436289
67.0,0.3959781283934539
68.0,0.4015169818138412
69.0,0.4070294285776433
70.0,0.4125153989647789
71.0,0.41797483511499006
72.0,0.4234076904138629
73.0,0.42881392891018283
74.0,0.4341935247628242
75.0,0.43954646171550493
76.0,0.44487273259783455
77.0,0.45017233885119945
78.0,0.45544529007811624
79.0,0.46069160361377215
80.0,0.4659113041185564
81.0,0.47110442319045515
82.0,0.47627099899625774
83.0,0.48141107592058213
84.0,0.4865247042317873
85.0,0.49161193976389855
86.0,0.4966728436137215
87.0,0.5017074818523674
88.0,0.5067159252504606
89.0,0.5116982490163353
90.0,0.5166545325465758
91.0,0.5215848591882825
92.0,0.526489316012486
93.0,0.5313679935981607
94.0,0.5362209858263196
95.0,0.5410483896837044
96.0,0.5458503050756002
97.0,0.5506268346473426
98.0,0.5553780836141031
99.0,0.5601041595985472
100.0,0.5648051724760109
101.0,0.5694812342268236
102.0,0.5741324587954583
103.0,0.5787589619561738
104.0,0.5833608611848635
105.0,0.5879382755368117
106.0,0.5924913255300925
107.0,0.5970201330343459
108.0,0.6015248211646913
109.0,0.6060055141805408
110.0,0.6104623373890911
111.0,0.6148954170532798
112.0,0.6193048803040101
113.0,0.6236908550564475
114.0,0.6280534699302058
115.0,0.6323928541732539
116.0,0.6367091375893706
117.0,0.641002450468997
118.0,0.6452729235233287
119.0,0.6495206878215121
120.0,0.653745874730801
121.0,0.6579486158595508
122.0,0.6621290430029165
123.0,0.6662872880911481
124.0,0.6704234831403576
125.0,0.6745377602056586
126.0,0.6786302513365723
127.0,0.682701088534601
128.0,0.686750403712877
129.0,0.6907783286577927
130.0,0.6947849949925347
131.0,0.6987705341424288
132.0,0.7027350773020286
133.0,0.7066787554038632
134.0,0.7106016990887802
135.0,0.714504038677812
136.0,0.7183859041454979
137.0,0.7222474250946047
138.0,0.7260887307321826
139.0,0.7299099498468979
140.0,0.7337112107875932
141.0,0.7374926414430142
142.0,0.7412543692226624
143.0,0.7449965210387198
144.0,0.7487192232889994
145.0,0.7524226018408806
146.0,0.7561067820161864
147.0,0.7597718885769607
148.0,0.7634180457121063
149.0,0.7670453770248534
150.0,0.7706540055210127
151.0,0.7742440535979864
152.0,0.7778156430345038
153.0,0.7813688949810482
154.0,0.7849039299509465
155.0,0.7884208678120915
156.0,0.791919827779273
157.0,0.7954009284070863
158.0,0.7988642875833987
159.0,0.8023100225233437
160.0,0.805738249763825
161.0,0.8091490851585041
162.0,0.8125426438732563
163.0,0.8159190403820609
164.0,0.819278388463329
165.0,0.8226208011966252
166.0,0.8259463909597818
167.0,0.8292552694263823
168.0,0.8325475475635989
169.0,0.835823335630366
170.0,0.8390827431758797
171.0,0.8423258790383983
172.0,0.8455528513443454
173.0,0.8487637675076855
174.0,0.8519587342295717
175.0,0.8551378574982468
176.0,0.8583012425891863
177.0,0.8614489940654766
178.0,0.8645812157784099
179.0,0.8676980108682923
180.0,0.8707994817654504
181.0,0.8738857301914301
182.0,0.876956857160375
183.0,0.8800129629805771
184.0,0.8830541472561939
185.0,0.8860805088891179
186.0,0.8890921460809964
187.0,0.8920891563353894
188.0,0.8950716364600626
189.0,0.8980396825694053
190.0,0.9009933900869679
191.0,0.9039328537481113
192.0,0.9068581676027673
193.0,0.9097694250182937
194.0,0.9126667186824302
195.0,0.9155501406063429
196.0,0.91841978212775
197.0,0.9212757339141343
198.0,0.9241180859660225
199.0,0.9269469276203431
200.0,0.9297623475538433
201.0,0.9325644337865732
202.0,0.9353532736854243
203.0,0.9381289539677231
204.0,0.9408915607048757
205.0,0.943641179326059
206.0,0.946377894621952
207.0,0.949101790748514
208.0,0.9518129512307919
209.0,0.9545114589667657
210.0,0.9571973962312268
211.0,0.9598708446796786
212.0,0.9625318853522686
213.0,0.9651805986777403
214.0,0.9678170644774071
215.0,0.9704413619691454
216.0,0.973053569771401
217.0,0.9756537659072123
218.0,0.9782420278082449
219.0,0.9808184323188363
220.0,0.9833830557000487
221.0,0.985935973633727
222.0,0.9884772612265649
223.0,0.9910069930141708
224.0,0.9935252429651383
225.0,0.9960320844851139
226.0,0.9985275904208667
227.0,1.0010118330643525
228.0,1.0034848841567747
229.0,1.0059468148926447
230.0,1.0083976959238288
231.0,1.010837597363592
232.0,1.0132665887906325
233.0,1.0156847392531103
234.0,1.0180921172726567
235.0,1.020488790848383
236.0,1.0228748274608706
237.0,1.0252502940761477
238.0,1.027615257149658
239.0,1.0299697826302083
240.0,1.0323139359639069
241.0,1.0346477820980817
242.0,1.0369713854851825
243.0,1.03928481008667
244.0,1.0415881193768814
245.0,1.0438813763468853
246.0,1.046164643508309
247.0,1.0484379828971544
248.0,1.0507014560775905
249.0,1.052955124145728
250.0,1.0551990477333708
251.0,1.0574332870117502
252.0,1.0596579016952345
253.0,1.0618729510450207
254.0,1.0640784938728025
255.0,1.066274588544418
256.0,1.06846129298347
257.0,1.0706386646749346
258.0,1.072806760668734
259.0,1.0749656375832974
260.0,1.077115351609093
261.0,1.0792559585121375
262.0,1.0813875136374849
263.0,1.0835100719126893
264.0,1.085623687851244
265.0,1.0877284155559974
266.0,1.0898243087225483
267.0,1.0919114206426117
268.0,1.093989804207364
269.0,1.0960595119107637
270.0,1.0981205958528486
271.0,1.1001731077430068
272.0,1.102217098903227
273.0,1.10425262027132
274.0,1.106279722404122
275.0,1.1082984554806676
276.0,1.110308869305342
277.0,1.1123110133110106
278.0,1.1143049365621192
279.0,1.1162906877577783
280.0,1.118268315234811
281.0,1.1202378669707929
282.0,1.1221993905870535
283.0,1.1241529333516618
284.0,1.1260985421823866
285.0,1.128036263649631
286.0,1.1299661439793471
287.0,1.131888229055922
288.0,1.1338025644250447
289.0,1.1357091952965483
290.0,1.1376081665472266
291.0,1.1394995227236322
292.0,1.1413833080448454
293.0,1.1432595664052267
294.0,1.1451283413771387
295.0,1.1469896762136542
296.0,1.148843613851234
297.0,1.1506901969123862
298.0,1.1525294677082993
299.0,1.1543614682414622
300.0,1.1561862402082448
301.0,1.1580038250014777
302.0,1.1598142637129922
303.0,1.1616175971361482
304.0,1.1634138657683382
305.0,1.1652031098134676
306.0,1.1669853691844168
307.0,1.168760683505479
308.0,1.1705290921147795
309.0,1.1722906340666739
310.0,1.1740453481341198
311.0,1.1757932728110378
312.0,1.177534446314644
313.0,1.1792689065877633
314.0,1.1809966913011254
315.0,1.1827178378556384
316.0,1.184432383384642
317.0,1.1861403647561444
318.0,1.1878418185750297
319.0,1.1895367811852642
320.0,1.1912252886720613
321.0,1.192907376864042
322.0,1.194583081335373
323.0,1.1962524374078827
324.0,1.197915480153161
325.0,1.1995722443946408
326.0,1.2012227647096594
327.0,1.2028670754315005
328.0,1.204505210651423
329.0,1.2061372042206655
330.0,1.2077630897524356
331.0,1.2093829006238848
332.0,1.2109966699780566
333.0,1.2126044307258304
334.0,1.2142062155478321
335.0,1.215802056896343
336.0,1.2173919869971803
337.0,1.2189760378515657
338.0,1.2205542412379784
339.0,1.2221266287139887
340.0,1.2236932316180709
341.0,1.2252540810714134
342.0,1.2268092079796968
343.0,1.2283586430348672
344.0,1.2299024167168873
345.0,1.231440559295475
346.0,1.2329731008318243
347.0,1.2345000711803122
348.0,1.2360214999901895
349.0,1.2375374167072566
350.0,1.239047850575523
351.0,1.2405528306388536
352.0,1.2420523857426
353.0,1.243546544535215
354.0,1.2450353354698547
355.0,1.2465187868059664
356.0,1.2479969266108595
357.0,1.2494697827612642
358.0,1.2509373829448769
359.0,1.252399754661891
360.0,1.2538569252265104
361.0,1.2553089217684568
362.0,1.2567557712344553
363.0,1.2581975003897126
364.0,1.2596341358193792
365.0,1.261065703929998
366.0,1.2624922309509414
367.0,1.2639137429358354
368.0,1.2653302657639678
369.0,1.2667418251416904
370.0,1.2681484466037987
371.0,1.2695501555149098
372.0,1.2709469770708208
373.0,1.2723389362998565
374.0,1.2737260580642067
375.0,1.2751083670612495
376.0,1.2764858878248642
377.0,1.2778586447267317
378.0,1.2792266619776227
379.0,1.2805899636286746
380.0,1.2819485735726597
381.0,1.2833025155452364
382.0,1.2846518131261948
383.0,1.285996489740687
384.0,1.2873365686604492
385.0,1.2886720730050116
386.0,1.2900030257428972
387.0,1.2913294496928107
388.0,1.2926513675248166
389.0,1.2939688017615067
390.0,1.2952817747791563
391.0,1.2965903088088695
392.0,1.2978944259377219
393.0,1.2991941481098774
394.0,1.3004894971277134
395.0,1.3017804946529221
396.0,1.3030671622076058
397.0,1.3043495211753704
398.0,1.305627592802394
399.0,1.3069013981985027
400.0,1.3081709583382202
401.0,1.3094362940618243
402.0,1.310697426076382
403.0,1.3119543749567797
404.0,1.3132071611467473
405.0,1.3144558049598662
406.0,1.3157003265805747
407.0,1.3169407460651636
408.0,1.3181770833427582
409.0,1.3194093582162987
410.0,1.3206375903635061
411.0,1.321861799337842
412.0,1.323082004569462
413.0,1.3242982253661557
414.0,1.3255104809142833
415.0,1.326718790279701
416.0,1.3279231724086813
417.0,1.3291236461288185
418.0,1.330320230149937
419.0,1.331512943064983
420.0,1.3327018033509075
421.0,1.3338868293695527
422.0,1.3350680393685168
423.0,1.33624545148202
424.0,1.3374190837317612
425.0,1.3385889540277645
426.0,1.3397550801692228
427.0,1.34091747984533
428.0,1.3420761706361086
429.0,1.3432311700132284
430.0,1.3443824953408208
431.0,1.3455301638762802
432.0,1.3466741927710681
433.0,1.347814599071498
434.0,1.3489513997195266
435.0,1.3500846115535279
436.0,1.3512142513090626
437.0,1.3523403356196482
438.0,1.3534628810175138
439.0,1.3545819039343494
440.0,1.3556974207020547
441.0,1.3568094475534755
442.0,1.3579180006231386
443.0,1.3590230959479725
444.0,1.360124749468034
445.0,1.3612229770272153
446.0,1.3623177943739564
447.0,1.3634092171619447
448.0,1.3644972609508104
449.0,1.3655819412068162
450.0,1.3666632733035402
451.0,1.367741272522556
452.0,1.3688159540541047
453.0,1.3698873329977563
454.0,1.3709554243630788
455.0,1.372020243070286
456.0,1.373081803950892
457.0,1.3741401217483529
458.0,1.3751952111187054
459.0,1.3762470866312024
460.0,1.3772957627689388
461.0,1.3783412539294744
462.0,1.3793835744254532
463.0,1.380422738485213
464.0,1.3814587602533954
465.0,1.3824916537915453
466.0,1.3835214330787087
467.0,1.3845481120120264
468.0,1.385571704407318
469.0,1.3865922239996686
470.0,1.3876096844439996
471.0,1.3886240993156467
472.0,1.389635482110927
473.0,1.3906438462476973
474.0,1.39164920506592
475.0,1.3926515718282082
476.0,1.3936509597203837
477.0,1.394647381852014
478.0,1.3956408512569558
479.0,1.3966313808938915
480.0,1.3976189836468578
481.0,1.3986036723257744
482.0,1.3995854596669641
483.0,1.400564358333675
484.0,1.4015403809165894
485.0,1.4025135399343374
486.0,1.4034838478340002
487.0,1.4044513169916115
488.0,1.4054159597126563
489.0,1.406377788232562
490.0,1.4073368147171892
491.0,1.4082930512633147
492.0,1.4092465098991143
493.0,1.4101972025846412
494.0,1.4111451412122953
495.0,1.4120903376072957
496.0,1.4130328035281485
497.0,1.4139725506671013
498.0,1.4149095906506095
499.0,1.415843935039786
500.0,1.4167755953308534
