x,y
0.0,0.0
0.001,0.009230751665729824
0.003,0.10555820835273225
0.005,0.32775742348209685
0.007,0.6912967578748216
0.009000000000000001,1.2071102933043611
0.011000000000000001,1.8838488006924365
0.013000000000000001,2.728747951869138
0.015000000000000001,3.7480681584712996
0.017,4.947351587513859
0.019000000000000003,6.3315866429910965
0.021000000000000005,7.9053201563460345
0.023000000000000007,9.672737625249434
0.02500000000000001,11.6377227486738
0.02700000000000001,13.803902917073573
0.029000000000000012,16.174684816702662
0.031000000000000014,18.75328286090021
0.033000000000000015,21.542742282495897
0.03500000000000002,24.545958165440933
0.03700000000000002,27.76569132958081
0.03900000000000002,31.20458173681362
0.04100000000000002,34.86515991686419
0.043000000000000024,38.74985679058217
0.045000000000000026,42.861012181815084
0.04700000000000003,47.20088224509557
0.04900000000000003,51.77164598875118
0.05100000000000003,56.57541103698615
0.05300000000000003,61.61421874682804
0.055000000000000035,66.89004877437283
0.05700000000000004,72.4048231679289
0.05900000000000004,78.16041005232539
0.06100000000000004,84.15862695799424
0.06300000000000004,90.40124383983776
0.06500000000000004,96.88998582391903
0.06700000000000005,103.62653571429415
0.06900000000000005,110.6125362876031
0.07100000000000005,117.84959239913137
0.07300000000000005,125.33927292079929
0.07500000000000005,133.0831125288122
0.07700000000000005,141.08261335639418
0.07900000000000006,149.33924652508938
0.08100000000000006,157.854453566446
0.08300000000000006,166.62964774448835
0.08500000000000006,175.6662152881566
0.08700000000000006,184.96551654185188
0.08900000000000007,194.52888704131215
0.09100000000000007,204.35763852125606
0.09300000000000007,214.45305986055004
0.09500000000000007,224.81641797004707
0.09700000000000007,235.44895862772754
0.09900000000000007,246.35190726530328
0.10100000000000008,257.52646971004356
0.10300000000000008,268.97383288521627
0.10500000000000008,280.69516547222696
0.10700000000000008,292.6916185372418
0.10900000000000008,304.96432612484153
0.11100000000000008,317.51440582101475
0.11300000000000009,330.3429592876125
0.11500000000000009,343.4510727701861
0.11700000000000009,356.839817580989
0.11900000000000009,370.5102505587532
0.1210000000000001,384.4634145067474
0.1230000000000001,398.70033861047466
0.12500000000000008,413.2220388362849
0.12700000000000009,428.0295183120623
0.1290000000000001,443.12376769106913
0.1310000000000001,458.50576549994514
0.1330000000000001,474.1764784717789
0.1350000000000001,490.13686186511933
0.1370000000000001,506.38785976970934
0.1390000000000001,522.9304053996967
0.1410000000000001,539.7654213749935
0.1430000000000001,556.8938199914396
0.1450000000000001,574.3165034803594
0.1470000000000001,592.0343642580721
0.1490000000000001,610.0482851658786
0.1510000000000001,628.3591397010102
0.1530000000000001,646.9677922389957
0.1550000000000001,665.8750982478789
0.1570000000000001,685.0819044946797
0.1590000000000001,704.5890492444826
0.16100000000000012,724.3973624525032
0.16300000000000012,744.5076659494642
0.16500000000000012,764.9207736205979
0.16700000000000012,785.6374915785603
0.16900000000000012,806.6586183305496
0.17100000000000012,827.9849449398756
0.17300000000000013,849.6172551822353
0.17500000000000013,871.5563256969251
0.17700000000000013,893.8029261332147
0.17900000000000013,916.3578192920822
0.18100000000000013,939.2217612635155
0.18300000000000013,962.3955015595636
0.18500000000000014,985.8797832433166
0.18700000000000014,1009.6753430539748
0.18900000000000014,1033.7829115281777
0.19100000000000014,1058.2032131177368
0.19300000000000014,1082.9369663039106
0.19500000000000015,1107.9848837083723
0.19700000000000015,1133.3476722009839
0.19900000000000015,1159.0260330045119
0.20100000000000015,1185.020661796393
0.20300000000000015,1211.3322488076699
0.20500000000000015,1237.961478919192
0.20700000000000016,1264.9090317551975
0.20900000000000016,1292.175581774357
0.21100000000000016,1319.7617983583855
0.21300000000000016,1347.6683458983
0.21500000000000016,1375.8958838784108
0.21700000000000016,1404.4450669581288
0.21900000000000017,1433.3165450516594
0.22100000000000017,1462.510963405668
0.22300000000000017,1492.028962674968
0.22500000000000017,1521.8711789963183
0.22700000000000017,1552.038244060385
0.22900000000000018,1582.5307851819227
0.23100000000000018,1613.349425368251
0.23300000000000018,1644.4947833860663
0.23500000000000018,1675.9674738266524
0.23700000000000018,1707.7681071695336
0.23900000000000018,1739.8972898446393
0.2410000000000002,1772.3556242929933
0.2430000000000002,1805.1437090260176
0.2450000000000002,1838.2621386834496
0.2470000000000002,1871.7115040899519
0.2490000000000002,1905.4923923104393
0.25100000000000017,1939.6053867041553
0.25300000000000017,1974.051066977549
0.25500000000000017,2008.830009235989
0.2570000000000002,2043.9427860343287
0.2590000000000002,2079.389966426387
0.2610000000000002,2115.1721160133557
0.2630000000000002,2151.289796991162
0.2650000000000002,2187.743568196837
0.2670000000000002,2224.5339851538974
0.2690000000000002,2261.661600116785
0.2710000000000002,2299.1269621143674
0.2730000000000002,2336.9306169925617
0.2750000000000002,2375.07310745607
0.2770000000000002,2413.5549731092765
0.2790000000000002,2452.376750496311
0.2810000000000002,2491.538973140319
0.2830000000000002,2531.0421715819375
0.2850000000000002,2570.8868734170296
0.2870000000000002,2611.0736033336643
0.2890000000000002,2651.6028831483786
0.2910000000000002,2692.47523184175
0.2930000000000002,2733.6911655932577
0.2950000000000002,2775.251197815525
0.2970000000000002,2817.1558391878652
0.2990000000000002,2859.405597689224
0.3010000000000002,2902.0009786305027
0.3030000000000002,2944.942484686276
0.3050000000000002,2988.2306159259283
0.3070000000000002,3031.8658698442205
0.3090000000000002,3075.8487413912912
0.3110000000000002,3120.1797230021393
0.3130000000000002,3164.859304625544
0.3150000000000002,3209.8879737524967
0.3170000000000002,3255.266215444117
0.31900000000000023,3300.994512359067
0.32100000000000023,3347.073344780515
0.32300000000000023,3393.5031906425947
0.32500000000000023,3440.2845255564307
0.32700000000000023,3487.417822835711
0.32900000000000024,3534.9035535218154
0.33100000000000024,3582.7421864085295
0.33300000000000024,3630.9341880663337
0.33500000000000024,3679.4800228662784
0.33700000000000024,3728.3801530034852
0.33900000000000025,3777.635038520229
0.34100000000000025,3827.24513732866
0.34300000000000025,3877.2109052331452
0.34500000000000025,3927.53279595225
0.34700000000000025,3978.2112611403636
0.34900000000000025,4029.246750408969
0.35100000000000026,4080.6397113475873
0.35300000000000026,4132.3905895443695
0.35500000000000026,4184.4998286063865
0.35700000000000026,4236.96787017958
0.35900000000000026,4289.795153968402
0.36100000000000027,4342.982117755169
0.36300000000000027,4396.529197419096
0.36500000000000027,4450.436826955033
0.36700000000000027,4504.705438491958
0.36900000000000027,4559.335462311121
0.3710000000000003,4614.327326863972
0.3730000000000003,4669.6814587898
0.3750000000000003,4725.398282933085
0.3770000000000003,4781.4782223606335
0.3790000000000003,4837.9216983784245
0.3810000000000003,4894.729130548225
0.3830000000000003,4951.900936703968
0.3850000000000003,5009.437532967864
0.3870000000000003,5067.339333766315
0.3890000000000003,5125.60675184557
0.3910000000000003,5184.2401982871725
0.3930000000000003,5243.2400825231825
0.3950000000000003,5302.606812351178
0.3970000000000003,5362.3407939490535
0.3990000000000003,5422.442431889596
0.4010000000000003,5482.91212915488
0.4030000000000003,5543.750287150441
0.4050000000000003,5604.957305719264
0.4070000000000003,5666.533583155562
0.4090000000000003,5728.479516218402
0.4110000000000003,5790.795500145104
0.4130000000000003,5853.481928664489
0.4150000000000003,5916.5391940099225
0.4170000000000003,5979.967686932205
0.4190000000000003,6043.76779671228
0.4210000000000003,6107.9399111737675
0.4230000000000003,6172.484416695344
0.4250000000000003,6237.401698222949
0.4270000000000003,6302.692139281823
0.4290000000000003,6368.35612198843
0.4310000000000003,6434.394027062159
0.43300000000000033,6500.806233836939
0.43500000000000033,6567.5931202726515
0.43700000000000033,6634.755062966438
0.43900000000000033,6702.292437163832
0.44100000000000034,6770.205616769775
0.44300000000000034,6838.494974359469
0.44500000000000034,6907.160881189113
0.44700000000000034,6976.203707206491
0.44900000000000034,7045.623821061434
0.45100000000000035,7115.4215901161515
0.45300000000000035,7185.597380455436
0.45500000000000035,7256.151556896733
0.45700000000000035,7327.084483000111
0.45900000000000035,7398.396521078075
0.46100000000000035,7470.088032205287
0.46300000000000036,7542.159376228169
0.46500000000000036,7614.610911774368
0.46700000000000036,7687.442996262135
0.46900000000000036,7760.655985909569
0.47100000000000036,7834.2502357437725
0.47300000000000036,7908.226099609871
0.47500000000000037,7982.583930179958
0.47700000000000037,8057.324078961911
0.47900000000000037,8132.446896308115
0.48100000000000037,8207.952731424075
0.4830000000000004,8283.84193237695
0.4850000000000004,8360.114846103965
0.4870000000000004,8436.77181842072
0.4890000000000004,8513.813194029464
0.4910000000000004,8591.239316527177
0.4930000000000004,8669.050528413642
0.4950000000000004,8747.247171099398
0.4970000000000004,8825.82958491359
0.4990000000000004,8904.79810911175
0.5010000000000003,8984.153081883476
0.5030000000000003,9063.894840360053
0.5050000000000003,9144.023720621944
0.5070000000000003,9224.540057706237
0.5090000000000003,9305.444185614006
0.5110000000000003,9386.736437317564
0.5130000000000003,9468.417144767673
0.5150000000000003,9550.486638900637
0.5170000000000003,9632.945249645365
0.5190000000000003,9715.793305930314
0.5210000000000004,9799.03113569038
0.5230000000000004,9882.659065873711
0.5250000000000004,9966.677422448449
0.5270000000000004,10051.086530409393
0.5290000000000004,10135.886713784605
0.5310000000000004,10221.07829564193
0.5330000000000004,10306.66159809546
0.5350000000000004,10392.636942311921
0.5370000000000004,10479.004648517017
0.5390000000000004,10565.76503600166
0.5410000000000004,10652.918423128189
0.5430000000000004,10740.465127336485
0.5450000000000004,10828.405465150061
0.5470000000000004,10916.739752182042
0.5490000000000004,11005.468303141128
0.5510000000000004,11094.59143183747
0.5530000000000004,11184.1094511885
0.5550000000000004,11274.022673224688
0.5570000000000004,11364.331409095266
0.5590000000000004,11455.035969073866
0.5610000000000004,11546.13666256412
0.5630000000000004,11637.633798105195
0.5650000000000004,11729.527683377286
0.5670000000000004,11821.81862520703
0.5690000000000004,11914.50692957291
0.5710000000000004,12007.592901610544
0.5730000000000004,12101.076845617989
0.5750000000000004,12194.959065060943
0.5770000000000004,12289.23986257792
0.5790000000000004,12383.919539985369
0.5810000000000004,12478.998398282753
0.5830000000000004,12574.476737657555
0.5850000000000004,12670.354857490267
0.5870000000000004,12766.633056359313
0.5890000000000004,12863.311632045932
0.5910000000000004,12960.390881538988
0.5930000000000004,13057.8711010398
0.5950000000000004,13155.75258596685
0.5970000000000004,13254.035630960503
0.5990000000000004,13352.720529887636
0.6010000000000004,13451.807575846284
0.6030000000000004,13551.297061170195
0.6050000000000004,13651.18927743333
0.6070000000000004,13751.484515454387
0.6090000000000004,13852.18306530123
0.6110000000000004,13953.285216295282
0.6130000000000004,14054.791257015904
0.6150000000000004,14156.701475304697
0.6170000000000004,14259.016158269813
0.6190000000000004,14361.735592290175
0.6210000000000004,14464.860063019707
0.6230000000000004,14568.389855391477
0.6250000000000004,14672.325253621852
0.6270000000000004,14776.66654121458
0.6290000000000004,14881.414000964853
0.6310000000000004,14986.567914963325
0.6330000000000005,15092.128564600114
0.6350000000000005,15198.096230568732
0.6370000000000005,15304.471192870018
0.6390000000000005,15411.253730816014
0.6410000000000005,15518.444123033816
0.6430000000000005,15626.0426474694
0.6450000000000005,15734.049581391373
0.6470000000000005,15842.465201394769
0.6490000000000005,15951.28978340472
0.6510000000000005,16060.523602680176
0.6530000000000005,16170.166933817545
0.6550000000000005,16280.220050754315
0.6570000000000005,16390.68322677265
0.6590000000000005,16501.55673450294
0.6610000000000005,16612.840845927367
0.6630000000000005,16724.535832383353
0.6650000000000005,16836.641964567076
0.6670000000000005,16949.159512536906
0.6690000000000005,17062.08874571679
0.6710000000000005,17175.42993289967
0.6730000000000005,17289.183342250846
0.6750000000000005,17403.34924131126
0.6770000000000005,17517.927897000853
0.6790000000000005,17632.919575621803
0.6810000000000005,17748.324542861785
0.6830000000000005,17864.143063797204
0.6850000000000005,17980.375402896378
0.6870000000000005,18097.021824022693
0.6890000000000005,18214.082590437793
0.6910000000000005,18331.55796480464
0.6930000000000005,18449.448209190665
0.6950000000000005,18567.753585070768
0.6970000000000005,18686.474353330443
0.6990000000000005,18805.61077426873
0.7010000000000005,18925.16310760124
0.7030000000000005,19045.13161246313
0.7050000000000005,19165.516547412037
0.7070000000000005,19286.318170431
0.7090000000000005,19407.536738931387
0.7110000000000005,19529.172509755743
0.7130000000000005,19651.225739180674
0.7150000000000005,19773.69668291965
0.7170000000000005,19896.585596125846
0.7190000000000005,20019.892733394918
0.7210000000000005,20143.618348767763
0.7230000000000005,20267.762695733287
0.7250000000000005,20392.326027231113
0.7270000000000005,20517.308595654296
0.7290000000000005,20642.710652852005
0.7310000000000005,20768.532450132167
0.7330000000000005,20894.77423826415
0.7350000000000005,21021.436267481356
0.7370000000000005,21148.518787483823
0.7390000000000005,21276.02204744083
0.7410000000000005,21403.946295993443
0.7430000000000005,21532.29178125706
0.7450000000000006,21661.05875082395
0.7470000000000006,21790.247451765747
0.7490000000000006,21919.85813063595
0.7510000000000006,22049.89103347237
0.7530000000000006,22180.346405799603
0.7550000000000006,22311.224492631463
0.7570000000000006,22442.525538473383
0.7590000000000006,22574.249787324825
0.7610000000000006,22706.39748268165
0.7630000000000006,22838.968867538486
0.7650000000000006,22971.964184391072
0.7670000000000006,23105.383675238576
0.7690000000000006,23239.227581585947
0.7710000000000006,23373.496144446137
0.7730000000000006,23508.189604342453
0.7750000000000006,23643.308201310756
0.7770000000000006,23778.852174901764
0.7790000000000006,23914.821764183223
0.7810000000000006,24051.217207742182
0.7830000000000006,24188.038743687128
0.7850000000000006,24325.286609650215
0.7870000000000006,24462.9610427894
0.7890000000000006,24601.06227979061
0.7910000000000006,24739.590556869873
0.7930000000000006,24878.54610977544
0.7950000000000006,25017.929173789893
0.7970000000000006,25157.73998373222
0.7990000000000006,25297.978773959912
0.8010000000000006,25438.64577837102
0.8030000000000006,25579.741230406184
0.8050000000000006,25721.265363050694
0.8070000000000006,25863.21840883649
0.8090000000000006,26005.60059984417
0.8110000000000006,26148.41216770499
0.8130000000000006,26291.653343602833
0.8150000000000006,26435.324358276182
0.8170000000000006,26579.42544202005
0.8190000000000006,26723.956824687946
0.8210000000000006,26868.91873569377
0.8230000000000006,27014.31140401377
0.8250000000000006,27160.13505818837
0.8270000000000006,27306.389926324122
0.8290000000000006,27453.076236095538
0.8310000000000006,27600.194214746974
0.8330000000000006,27747.744089094464
0.8350000000000006,27895.726085527553
0.8370000000000006,28044.140430011128
0.8390000000000006,28192.987348087227
0.8410000000000006,28342.267064876847
0.8430000000000006,28491.979805081704
0.8450000000000006,28642.125792986044
0.8470000000000006,28792.705252458352
0.8490000000000006,28943.718406953198
0.8510000000000006,29095.165479512863
0.8530000000000006,29247.046692769156
0.8550000000000006,29399.362268945086
0.8570000000000007,29552.112429856596
0.8590000000000007,29705.29739691422
0.8610000000000007,29858.917391124807
0.8630000000000007,30012.972633093188
0.8650000000000007,30167.463343023814
0.8670000000000007,30322.38974072243
0.8690000000000007,30477.752045597703
0.8710000000000007,30633.550476662866
0.8730000000000007,30789.785252537342
0.8750000000000007,30946.45659144833
0.8770000000000007,31103.564711232404
0.8790000000000007,31261.109829337154
0.8810000000000007,31419.092162822704
0.8830000000000007,31577.511928363318
0.8850000000000007,31736.369342248934
0.8870000000000007,31895.664620386742
0.8890000000000007,32055.397978302703
0.8910000000000007,32215.569631143087
0.8930000000000007,32376.17979367599
0.8950000000000007,32537.228680292865
0.8970000000000007,32698.716505009987
0.8990000000000007,32860.643481469975
0.9010000000000007,33023.009822943255
0.9030000000000007,33185.81574232957
0.9050000000000007,33349.06145215941
0.9070000000000007,33512.747164595465
0.9090000000000007,33676.8730914341
0.9110000000000007,33841.43944410678
0.9130000000000007,34006.446433681485
0.9150000000000007,34171.89427086417
0.9170000000000007,34337.78316600013
0.9190000000000007,34504.11332907542
0.9210000000000007,34670.88496971829
0.9230000000000007,34838.098297200486
0.9250000000000007,35005.75352043873
0.9270000000000007,35173.85084799601
0.9290000000000007,35342.39048808296
0.9310000000000007,35511.372648559256
0.9330000000000007,35680.79753693491
0.9350000000000007,35850.665360371626
0.9370000000000007,36020.97632568413
0.9390000000000007,36191.73063934151
0.9410000000000007,36362.928507468496
0.9430000000000007,36534.57013584677
0.9450000000000007,36706.65572991629
0.9470000000000007,36879.18549477657
0.9490000000000007,37052.15963518795
0.9510000000000007,37225.57835557288
0.9530000000000007,37399.4418600172
0.9550000000000007,37573.75035227137
0.9570000000000007,37748.50403575175
0.9590000000000007,37923.70311354185
0.9610000000000007,38099.34778839354
0.9630000000000007,38275.438262728305
0.9650000000000007,38451.97473863844
0.9670000000000007,38628.95741788834
0.9690000000000007,38806.38650191562
0.9710000000000008,38984.26219183235
0.9730000000000008,39162.58468842629
0.9750000000000008,39341.354192162034
0.9770000000000008,39520.5709031822
0.9790000000000008,39700.235021308625
0.9810000000000008,39880.34674604352
0.9830000000000008,40060.906276570626
0.9850000000000008,40241.91381175641
0.9870000000000008,40423.36955015113
0.9890000000000008,40605.273689990085
0.9910000000000008,40787.626429194665
0.9930000000000008,40970.427965373536
0.9950000000000008,41153.67849582372
0.9970000000000008,41337.378217531754
0.9990000000000008,41521.52732717478
1.0010000000000008,41706.12602112165
